0 WDC
1 NFLX
2 AAPL
3 SRCL
4 CTRX
5 SBAC
6 XLNX
7 NXPI
8 LMCA
9 VRTX
10 SPLS
11 MYL
12 SIAL
13 HSIC
14 CTSH
15 AMZN
16 MAR
17 MAT
18 VRSK
19 FOXA
20 VIP
21 BRCM
22 ROST
23 WFM
24 CHKP
25 GRMN
26 ESRX
27 REGN
28 AMAT
29 CHTR
30 KLAC
31 DTV
32 AVGO
33 PCLN
34 CTXS
35 SYMC
36 DISCA
37 PAYX
38 SIRI
39 DISCK
40 FFIV
41 ORLY
42 LVNTA
43 QCOM
44 YHOO
45 VOD
46 MU
47 MDLZ
48 GMCR
49 ALTR
50 AMGN
51 FB
52 COST
53 FISV
54 WYNN
55 ADSK
56 MSFT
57 DLTR
58 SNDK
59 FAST
60 BBBY
61 EXPE
62 EXPD
63 LLTC
64 ADP
65 GILD
66 CA
67 ILMN
68 TRIP
69 ADI
70 CHRW
71 TSCO
72 NTAP
73 VIAB
74 BIDU
75 EBAY
76 SBUX
77 CMCSA
78 NVDA
79 ADBE
80 LBTYA
81 TSLA
82 KRFT
83 MXIM
84 DISH
85 PCAR
86 TXN
87 MNST
88 BIIB
89 ATVI
90 CELG
91 GOOG
92 AKAM
93 INTC
94 INTU
95 ALXN
96 STX
97 ISRG
98 EQIX
99 CERN
100 CSCO
END
0 0 1
0 1 -0.186922
0 2 -0.263429
0 3 0.554634
0 4 0.0387659
0 5 0.159518
0 6 0.0189444
0 7 -0.263608
0 8 0.0135497
0 9 0.581736
0 10 0.446348
0 11 -0.201062
0 12 0.238317
0 13 0.23904
0 14 -0.16341
0 15 0.15379
0 16 0.0593861
0 17 0.300099
0 18 -0.136062
0 19 -0.099022
0 20 -0.126244
0 21 0.433446
0 22 -0.248795
0 23 0.152198
0 24 0.0205423
0 25 -0.311204
0 26 0.429318
0 27 -0.054529
0 28 0.250419
0 29 -0.0439332
0 30 0.328049
0 31 0.45655
0 32 -0.211493
0 33 -0.119675
0 34 -0.15744
0 35 -0.0040112
0 36 0.46847
0 37 0.132126
0 38 0.040176
0 39 0.390499
0 40 -0.0384595
0 41 -0.232686
0 42 0.0570153
0 43 -0.323397
0 44 -0.0539549
0 45 -0.301128
0 46 -0.196722
0 47 -0.0402373
0 48 -0.386693
0 49 -0.0499427
0 50 -0.200041
0 51 -0.436947
0 52 0.27259
0 53 -0.131338
0 54 -0.269234
0 55 -0.179886
0 56 0.198689
0 57 -0.153599
0 58 0.379152
0 59 -0.00498419
0 60 0.251518
0 61 0.457984
0 62 -0.105975
0 63 0.308341
0 64 0.278868
0 65 -0.206084
0 66 0.248282
0 67 -0.323972
0 68 -0.343589
0 69 0.407242
0 70 0.0774246
0 71 0.136242
0 72 -0.0948249
0 73 -0.203495
0 74 -0.302407
0 75 0.289567
0 76 -0.270021
0 77 0.344097
0 78 -0.216691
0 79 -0.0392195
0 80 0.241743
0 81 -0.414621
0 82 0.535315
0 83 -0.0811545
0 84 0.057773
0 85 0.485002
0 86 -0.110725
0 87 0.462674
0 88 -0.112984
0 89 -0.217748
0 90 -0.188513
0 91 0.509436
0 92 -0.264049
0 93 0.0695603
0 94 0.0927411
0 95 0.0525516
0 96 0.513413
0 97 0.0124592
0 98 0.445223
0 99 0.241025
0 100 0.56773
1 0 -0.186922
1 1 1
1 2 0.621243
1 3 -0.0206148
1 4 0.090375
1 5 0.432569
1 6 0.648002
1 7 0.879452
1 8 0.653232
1 9 -0.470147
1 10 -0.74201
1 11 0.785589
1 12 0.597968
1 13 0.481767
1 14 0.904504
1 15 0.406195
1 16 0.500967
1 17 -0.540179
1 18 0.763792
1 19 0.799722
1 20 0.915821
1 21 -0.525995
1 22 0.849101
1 23 0.490985
1 24 0.582169
1 25 0.911654
1 26 -0.242469
1 27 0.657015
1 28 0.315553
1 29 0.397186
1 30 0.461693
1 31 -0.421073
1 32 0.694513
1 33 0.892651
1 34 0.64905
1 35 0.312706
1 36 -0.351834
1 37 0.604791
1 38 0.666069
1 39 -0.196382
1 40 0.598891
1 41 0.55508
1 42 -0.0138663
1 43 0.804891
1 44 0.798163
1 45 0.886769
1 46 0.784898
1 47 0.572312
1 48 0.644036
1 49 0.82115
1 50 0.826104
1 51 0.833733
1 52 0.198098
1 53 0.703264
1 54 0.917429
1 55 0.8776
1 56 -0.136584
1 57 0.706518
1 58 0.00856302
1 59 0.507177
1 60 -0.0850004
1 61 -0.378013
1 62 0.907993
1 63 0.386521
1 64 0.68098
1 65 0.762765
1 66 0.427857
1 67 0.630874
1 68 0.461731
1 69 -0.0110838
1 70 0.442886
1 71 0.0801722
1 72 0.812566
1 73 0.864251
1 74 0.753056
1 75 0.179215
1 76 0.768118
1 77 0.0892769
1 78 0.886763
1 79 0.528662
1 80 0.0107269
1 81 0.890966
1 82 -0.616
1 83 0.577634
1 84 0.733289
1 85 0.207326
1 86 0.729601
1 87 -0.811806
1 88 0.605783
1 89 0.423276
1 90 0.747835
1 91 -0.3076
1 92 0.872469
1 93 -0.0755889
1 94 0.826973
1 95 0.549054
1 96 -0.3902
1 97 -0.683792
1 98 -0.277364
1 99 -0.021327
1 100 -0.600643
2 0 -0.263429
2 1 0.621243
2 2 1
2 3 -0.151442
2 4 0.548666
2 5 -0.302208
2 6 0.448014
2 7 0.794006
2 8 0.458239
2 9 -0.706706
2 10 -0.531683
2 11 0.719474
2 12 0.332663
2 13 0.484856
2 14 0.502937
2 15 -0.119139
2 16 -0.105295
2 17 -0.756341
2 18 0.318289
2 19 0.721519
2 20 0.668778
2 21 -0.861392
2 22 0.402472
2 23 -0.11738
2 24 0.666597
2 25 0.641814
2 26 -0.154364
2 27 0.0559766
2 28 -0.102483
2 29 -0.0755398
2 30 -0.124578
2 31 -0.840641
2 32 0.095718
2 33 0.697797
2 34 0.762339
2 35 0.745359
2 36 -0.471562
2 37 0.405153
2 38 0.438513
2 39 -0.392622
2 40 0.65545
2 41 0.675119
2 42 -0.316707
2 43 0.832118
2 44 0.350735
2 45 0.472669
2 46 0.349659
2 47 0.523291
2 48 0.70932
2 49 0.446565
2 50 0.553818
2 51 0.779706
2 52 -0.208947
2 53 0.773673
2 54 0.652662
2 55 0.461262
2 56 -0.473255
2 57 0.150366
2 58 -0.613409
2 59 -0.0135042
2 60 -0.210613
2 61 -0.822957
2 62 0.42701
2 63 0.197905
2 64 0.243138
2 65 0.513253
2 66 0.502021
2 67 0.471422
2 68 0.671994
2 69 0.0534585
2 70 -0.193393
2 71 0.0223122
2 72 0.67569
2 73 0.777463
2 74 0.807057
2 75 -0.313736
2 76 0.532687
2 77 -0.176273
2 78 0.563821
2 79 -0.0735814
2 80 -0.371093
2 81 0.744329
2 82 -0.783878
2 83 0.180748
2 84 0.401096
2 85 -0.254637
2 86 0.623936
2 87 -0.534657
2 88 -0.0936833
2 89 0.661372
2 90 0.542862
2 91 -0.725956
2 92 0.526626
2 93 -0.62035
2 94 0.306092
2 95 0.342726
2 96 -0.822276
2 97 -0.640997
2 98 -0.791827
2 99 -0.465267
2 100 -0.536244
3 0 0.554634
3 1 -0.0206148
3 2 -0.151442
3 3 1
3 4 0.172295
3 5 0.309745
3 6 0.509254
3 7 -0.0919738
3 8 0.54522
3 9 0.355441
3 10 0.51547
3 11 0.157217
3 12 0.575542
3 13 0.677355
3 14 0.240024
3 15 0.560686
3 16 0.365337
3 17 0.0125168
3 18 0.24344
3 19 0.137104
3 20 0.00685414
3 21 0.0251531
3 22 0.101035
3 23 0.513439
3 24 0.460104
3 25 -0.0136044
3 26 0.536651
3 27 0.367633
3 28 0.525255
3 29 0.353605
3 30 0.614635
3 31 0.502746
3 32 -0.115452
3 33 0.15096
3 34 0.271266
3 35 0.269037
3 36 0.723814
3 37 0.630637
3 38 0.526425
3 39 0.754803
3 40 0.429264
3 41 0.293928
3 42 0.568883
3 43 -0.00783955
3 44 0.300505
3 45 -0.0248374
3 46 -0.0718757
3 47 0.531893
3 48 -0.253768
3 49 0.228816
3 50 0.272507
3 51 -0.0380028
3 52 0.754817
3 53 0.221363
3 54 0.0391372
3 55 0.153575
3 56 -0.079146
3 57 0.22432
3 58 0.158792
3 59 0.314365
3 60 0.771212
3 61 0.132811
3 62 0.192367
3 63 0.769159
3 64 0.516225
3 65 0.348461
3 66 0.632001
3 67 0.177286
3 68 0.128344
3 69 0.803188
3 70 0.433507
3 71 0.0503526
3 72 0.294809
3 73 0.109658
3 74 0.157698
3 75 0.2253
3 76 0.197902
3 77 0.814609
3 78 0.0106473
3 79 0.328843
3 80 0.621222
3 81 -0.135575
3 82 0.56182
3 83 0.214905
3 84 0.266933
3 85 0.821692
3 86 0.405062
3 87 0.473727
3 88 0.159176
3 89 0.231576
3 90 0.31276
3 91 0.488176
3 92 0.131926
3 93 0.051734
3 94 0.296834
3 95 0.541134
3 96 0.196433
3 97 -0.455253
3 98 0.313823
3 99 0.544232
3 100 0.688736
4 0 0.0387659
4 1 0.090375
4 2 0.548666
4 3 0.172295
4 4 1
4 5 -0.507485
4 6 0.392811
4 7 0.464174
4 8 0.349435
4 9 -0.306267
4 10 0.00426144
4 11 0.463286
4 12 0.237333
4 13 0.592235
4 14 0.099232
4 15 -0.32482
4 16 -0.232101
4 17 -0.583764
4 18 0.108231
4 19 0.375877
4 20 0.131384
4 21 -0.647982
4 22 -0.047289
4 23 -0.273871
4 24 0.687427
4 25 0.185457
4 26 0.514115
4 27 -0.209371
4 28 -0.380086
4 29 -0.285485
4 30 -0.211084
4 31 -0.441214
4 32 -0.504041
4 33 0.226036
4 34 0.627768
4 35 0.851984
4 36 -0.313801
4 37 0.340851
4 38 0.31129
4 39 -0.276445
4 40 0.617591
4 41 0.605727
4 42 -0.00979886
4 43 0.479986
4 44 -0.156959
4 45 0.0191998
4 46 -0.137776
4 47 0.445829
4 48 0.585923
4 49 0.302971
4 50 0.307243
4 51 0.334657
4 52 0.0994386
4 53 0.555518
4 54 0.133423
4 55 -0.149911
4 56 -0.515516
4 57 -0.273556
4 58 -0.538178
4 59 -0.054453
4 60 -0.0252832
4 61 -0.658172
4 62 0.0590647
4 63 0.362236
4 64 0.154599
4 65 0.312629
4 66 0.565639
4 67 0.323292
4 68 0.624573
4 69 0.485597
4 70 -0.366737
4 71 0.279804
4 72 0.459261
4 73 0.424858
4 74 0.48681
4 75 -0.503334
4 76 0.226349
4 77 0.152665
4 78 0.0827082
4 79 -0.478288
4 80 -0.0916135
4 81 0.19428
4 82 -0.15832
4 83 -0.0605657
4 84 0.366167
4 85 -0.108013
4 86 0.463997
4 87 0.170774
4 88 -0.406662
4 89 0.653241
4 90 0.359977
4 91 -0.343798
4 92 0.0868454
4 93 -0.658759
4 94 -0.0519262
4 95 0.359532
4 96 -0.733144
4 97 -0.43381
4 98 -0.638147
4 99 -0.405142
4 100 0.11873
5 0 0.159518
5 1 0.432569
5 2 -0.302208
5 3 0.309745
5 4 -0.507485
5 5 1
5 6 0.369146
5 7 0.101723
5 8 0.346764
5 9 0.419698
5 10 -0.171006
5 11 0.0327718
5 12 0.264035
5 13 0.0998226
5 14 0.501858
5 15 0.739183
5 16 0.546803
5 17 0.1162
5 18 0.416413
5 19 0.051999
5 20 0.290596
5 21 0.309085
5 22 0.469761
5 23 0.69831
5 24 -0.00647859
5 25 0.28152
5 26 0.0370088
5 27 0.758006
5 28 0.67997
5 29 0.509399
5 30 0.740173
5 31 0.447858
5 32 0.634389
5 33 0.24387
5 34 -0.120367
5 35 -0.427194
5 36 0.352686
5 37 0.278007
5 38 0.349245
5 39 0.44802
5 40 0.0254682
5 41 -0.0940465
5 42 0.368084
5 43 -0.0304577
5 44 0.607077
5 45 0.45043
5 46 0.380946
5 47 0.134329
5 48 -0.185618
5 49 0.445968
5 50 0.347342
5 51 0.08093
5 52 0.543391
5 53 -0.0936097
5 54 0.292484
5 55 0.528192
5 56 0.227234
5 57 0.584696
5 58 0.614004
5 59 0.521754
5 60 0.289056
5 61 0.472089
5 62 0.524084
5 63 0.374968
5 64 0.509713
5 65 0.398737
5 66 -0.0201056
5 67 0.161353
5 68 -0.234392
5 69 0.0692514
5 70 0.765538
5 71 -0.084067
5 72 0.183082
5 73 0.0969034
5 74 0.0046327
5 75 0.503189
5 76 0.233259
5 77 0.414448
5 78 0.27953
5 79 0.701216
5 80 0.597085
5 81 0.149225
5 82 0.232067
5 83 0.401318
5 84 0.329396
5 85 0.583816
5 86 0.207168
5 87 -0.25779
5 88 0.75878
5 89 -0.195994
5 90 0.357871
5 91 0.461117
5 92 0.356587
5 93 0.495252
5 94 0.591625
5 95 0.418052
5 96 0.476514
5 97 -0.224401
5 98 0.659228
5 99 0.551654
5 100 -0.0129035
6 0 0.0189444
6 1 0.648002
6 2 0.448014
6 3 0.509254
6 4 0.392811
6 5 0.369146
6 6 1
6 7 0.674792
6 8 0.951807
6 9 -0.190784
6 10 -0.178525
6 11 0.741454
6 12 0.737
6 13 0.860169
6 14 0.836296
6 15 0.628383
6 16 0.490918
6 17 -0.623215
6 18 0.724197
6 19 0.634259
6 20 0.592166
6 21 -0.5885
6 22 0.656458
6 23 0.628353
6 24 0.855452
6 25 0.710782
6 26 0.298151
6 27 0.762391
6 28 0.472615
6 29 0.515485
6 30 0.670784
6 31 -0.0717404
6 32 0.294267
6 33 0.669194
6 34 0.75904
6 35 0.547969
6 36 0.0258489
6 37 0.852324
6 38 0.891887
6 39 0.189313
6 40 0.879783
6 41 0.794068
6 42 0.438589
6 43 0.722294
6 44 0.735421
6 45 0.690167
6 46 0.513068
6 47 0.877789
6 48 0.426175
6 49 0.863722
6 50 0.878473
6 51 0.710601
6 52 0.694791
6 53 0.723601
6 54 0.692857
6 55 0.633247
6 56 -0.550327
6 57 0.558471
6 58 -0.0579332
6 59 0.662154
6 60 0.305786
6 61 -0.454698
6 62 0.774302
6 63 0.873828
6 64 0.766856
6 65 0.927539
6 66 0.715096
6 67 0.771147
6 68 0.651354
6 69 0.646327
6 70 0.530758
6 71 0.142343
6 72 0.884534
6 73 0.725063
6 74 0.797716
6 75 -0.00508001
6 76 0.767074
6 77 0.614451
6 78 0.607793
6 79 0.492809
6 80 0.474739
6 81 0.567973
6 82 -0.0752745
6 83 0.58014
6 84 0.795304
6 85 0.587054
6 86 0.917027
6 87 -0.263162
6 88 0.518212
6 89 0.745384
6 90 0.9055
6 91 -0.0485417
6 92 0.771251
6 93 -0.0941618
6 94 0.699963
6 95 0.903164
6 96 -0.424397
6 97 -0.848179
6 98 -0.21379
6 99 0.269501
6 100 0.00390492
7 0 -0.263608
7 1 0.879452
7 2 0.794006
7 3 -0.0919738
7 4 0.464174
7 5 0.101723
7 6 0.674792
7 7 1
7 8 0.673695
7 9 -0.626871
7 10 -0.673575
7 11 0.884555
7 12 0.547804
7 13 0.58032
7 14 0.809946
7 15 0.177149
7 16 0.293023
7 17 -0.709941
7 18 0.696225
7 19 0.867277
7 20 0.83547
7 21 -0.762376
7 22 0.723935
7 23 0.269884
7 24 0.739603
7 25 0.893978
7 26 -0.122067
7 27 0.462416
7 28 0.0484597
7 29 0.266194
7 30 0.248518
7 31 -0.603954
7 32 0.453728
7 33 0.867374
7 34 0.808452
7 35 0.597413
7 36 -0.514529
7 37 0.605512
7 38 0.669117
7 39 -0.364278
7 40 0.737393
7 41 0.74018
7 42 -0.0237585
7 43 0.92881
7 44 0.605969
7 45 0.820926
7 46 0.688805
7 47 0.655522
7 48 0.808313
7 49 0.831735
7 50 0.813815
7 51 0.899733
7 52 0.134942
7 53 0.841376
7 54 0.868448
7 55 0.684554
7 56 -0.393443
7 57 0.495103
7 58 -0.21831
7 59 0.420099
7 60 -0.185379
7 61 -0.634874
7 62 0.784885
7 63 0.389986
7 64 0.556971
7 65 0.751424
7 66 0.541751
7 67 0.675686
7 68 0.708587
7 69 0.112252
7 70 0.159389
7 71 0.14642
7 72 0.870811
7 73 0.933494
7 74 0.859022
7 75 -0.0708158
7 76 0.769362
7 77 0.0714931
7 78 0.795298
7 79 0.274967
7 80 -0.103496
7 81 0.89306
7 82 -0.664034
7 83 0.510137
7 84 0.750992
7 85 0.0178979
7 86 0.811459
7 87 -0.695448
7 88 0.377567
7 89 0.64021
7 90 0.77661
7 91 -0.46402
7 92 0.794407
7 93 -0.329775
7 94 0.654008
7 95 0.566705
7 96 -0.690083
7 97 -0.68945
7 98 -0.559023
7 99 -0.209014
7 100 -0.54121
8 0 0.0135497
8 1 0.653232
8 2 0.458239
8 3 0.54522
8 4 0.349435
8 5 0.346764
8 6 0.951807
8 7 0.673695
8 8 1
8 9 -0.292537
8 10 -0.135595
8 11 0.791811
8 12 0.819272
8 13 0.879497
8 14 0.861338
8 15 0.696209
8 16 0.565042
8 17 -0.518939
8 18 0.782754
8 19 0.701519
8 20 0.590072
8 21 -0.578174
8 22 0.714596
8 23 0.700398
8 24 0.86247
8 25 0.736377
8 26 0.179263
8 27 0.774176
8 28 0.536822
8 29 0.612172
8 30 0.701208
8 31 -0.0743658
8 32 0.372683
8 33 0.75026
8 34 0.80197
8 35 0.56646
8 36 0.110674
8 37 0.92179
8 38 0.967847
8 39 0.26862
8 40 0.881266
8 41 0.844433
8 42 0.484834
8 43 0.737506
8 44 0.783331
8 45 0.721375
8 46 0.555129
8 47 0.916261
8 48 0.358307
8 49 0.844725
8 50 0.872164
8 51 0.751347
8 52 0.697985
8 53 0.782378
8 54 0.738994
8 55 0.667297
8 56 -0.480884
8 57 0.647233
8 58 -0.0803059
8 59 0.719109
8 60 0.419129
8 61 -0.475858
8 62 0.793236
8 63 0.855978
8 64 0.759852
8 65 0.91254
8 66 0.777435
8 67 0.752612
8 68 0.717792
8 69 0.655263
8 70 0.535369
8 71 0.0572894
8 72 0.871543
8 73 0.765921
8 74 0.815929
8 75 0.15006
8 76 0.852344
8 77 0.662995
8 78 0.640949
8 79 0.58111
8 80 0.444787
8 81 0.627073
8 82 -0.080981
8 83 0.693365
8 84 0.717738
8 85 0.605084
8 86 0.942046
8 87 -0.302379
8 88 0.538548
8 89 0.775635
8 90 0.921613
8 91 6.82599e-05
8 92 0.814132
8 93 -0.0684288
8 94 0.745135
8 95 0.891815
8 96 -0.39832
8 97 -0.850482
8 98 -0.212554
8 99 0.31873
8 100 0.0358724
9 0 0.581736
9 1 -0.470147
9 2 -0.706706
9 3 0.355441
9 4 -0.306267
9 5 0.419698
9 6 -0.190784
9 7 -0.626871
9 8 -0.292537
9 9 1
9 10 0.461546
9 11 -0.697628
9 12 -0.310981
9 13 -0.236064
9 14 -0.423824
9 15 0.14662
9 16 -0.0746141
9 17 0.463773
9 18 -0.406656
9 19 -0.6718
9 20 -0.491103
9 21 0.731572
9 22 -0.455469
9 23 0.0164656
9 24 -0.430592
9 25 -0.622344
9 26 0.504777
9 27 -0.0314804
9 28 0.17715
9 29 -0.149413
9 30 0.20833
9 31 0.727708
9 32 -0.275922
9 33 -0.608765
9 34 -0.631915
9 35 -0.529089
9 36 0.525544
9 37 -0.322449
9 38 -0.317222
9 39 0.455759
9 40 -0.420806
9 41 -0.613628
9 42 0.191391
9 43 -0.716659
9 44 -0.272432
9 45 -0.507351
9 46 -0.473737
9 47 -0.43288
9 48 -0.586634
9 49 -0.295655
9 50 -0.413997
9 51 -0.748776
9 52 0.27647
9 53 -0.703417
9 54 -0.634024
9 55 -0.384224
9 56 0.29136
9 57 -0.305406
9 58 0.515047
9 59 -0.105864
9 60 0.174519
9 61 0.754931
9 62 -0.365049
9 63 0.0702276
9 64 -0.0087167
9 65 -0.319481
9 66 -0.326267
9 67 -0.443354
9 68 -0.701768
9 69 0.159576
9 70 0.201287
9 71 0.0370694
9 72 -0.491581
9 73 -0.685001
9 74 -0.682498
9 75 0.138458
9 76 -0.609123
9 77 0.202179
9 78 -0.557566
9 79 -0.0826972
9 80 0.475842
9 81 -0.751811
9 82 0.757305
9 83 -0.347599
9 84 -0.211852
9 85 0.364896
9 86 -0.469439
9 87 0.58628
9 88 -0.0198654
9 89 -0.554456
9 90 -0.361952
9 91 0.673833
9 92 -0.55316
9 93 0.347488
9 94 -0.230594
9 95 -0.104216
9 96 0.718387
9 97 0.330278
9 98 0.772092
9 99 0.334924
9 100 0.531485
10 0 0.446348
10 1 -0.74201
10 2 -0.531683
10 3 0.51547
10 4 0.00426144
10 5 -0.171006
10 6 -0.178525
10 7 -0.673575
10 8 -0.135595
10 9 0.461546
10 10 1
10 11 -0.412932
10 12 -0.0213754
10 13 0.0535206
10 14 -0.509376
10 15 0.0770954
10 16 -0.113956
10 17 0.484796
10 18 -0.363453
10 19 -0.487736
10 20 -0.686198
10 21 0.434829
10 22 -0.592604
10 23 0.0343925
10 24 -0.163071
10 25 -0.665364
10 26 0.381228
10 27 -0.24703
10 28 0.132803
10 29 -0.0253953
10 30 0.0701208
10 31 0.636192
10 32 -0.488647
10 33 -0.540411
10 34 -0.303844
10 35 -0.0507913
10 36 0.643574
10 37 -0.0228044
10 38 -0.119877
10 39 0.536802
10 40 -0.165374
10 41 -0.188299
10 42 0.309471
10 43 -0.555008
10 44 -0.370305
10 45 -0.587392
10 46 -0.510371
10 47 -0.102069
10 48 -0.705574
10 49 -0.406326
10 50 -0.480648
10 51 -0.597299
10 52 0.306571
10 53 -0.332507
10 54 -0.597203
10 55 -0.59702
10 56 0.0323032
10 57 -0.376642
10 58 0.0806008
10 59 -0.073142
10 60 0.465595
10 61 0.327676
10 62 -0.535529
10 63 0.185305
10 64 -0.207676
10 65 -0.414097
10 66 0.112041
10 67 -0.366669
10 68 -0.207474
10 69 0.543148
10 70 -0.113251
10 71 -0.0427797
10 72 -0.418052
10 73 -0.548797
10 74 -0.443348
10 75 0.190681
10 76 -0.378684
10 77 0.447439
10 78 -0.572768
10 79 -0.14042
10 80 0.304108
10 81 -0.729438
10 82 0.786738
10 83 -0.117615
10 84 -0.393903
10 85 0.323514
10 86 -0.286043
10 87 0.781723
10 88 -0.32444
10 89 -0.100903
10 90 -0.371232
10 91 0.514728
10 92 -0.507312
10 93 0.187613
10 94 -0.349055
10 95 -0.0708934
10 96 0.409461
10 97 0.274485
10 98 0.384228
10 99 0.373895
10 100 0.888448
11 0 -0.201062
11 1 0.785589
11 2 0.719474
11 3 0.157217
11 4 0.463286
11 5 0.0327718
11 6 0.741454
11 7 0.884555
11 8 0.791811
11 9 -0.697628
11 10 -0.412932
11 11 1
11 12 0.780609
11 13 0.754783
11 14 0.838254
11 15 0.305092
11 16 0.453631
11 17 -0.611367
11 18 0.789236
11 19 0.934034
11 20 0.789265
11 21 -0.771972
11 22 0.735232
11 23 0.452325
11 24 0.84546
11 25 0.878826
11 26 -0.133815
11 27 0.512163
11 28 0.200308
11 29 0.45581
11 30 0.373762
11 31 -0.460314
11 32 0.424513
11 33 0.90397
11 34 0.903184
11 35 0.683097
11 36 -0.309504
11 37 0.821501
11 38 0.813343
11 39 -0.166157
11 40 0.844028
11 41 0.877314
11 42 0.117104
11 43 0.938388
11 44 0.683186
11 45 0.809972
11 46 0.732055
11 47 0.822731
11 48 0.644152
11 49 0.819156
11 50 0.819398
11 51 0.915953
11 52 0.307666
11 53 0.967581
11 54 0.909935
11 55 0.687937
11 56 -0.402412
11 57 0.573121
11 58 -0.201301
11 59 0.55097
11 60 0.0602142
11 61 -0.662609
11 62 0.803342
11 63 0.52752
11 64 0.618554
11 65 0.75693
11 66 0.770747
11 67 0.771229
11 68 0.812357
11 69 0.316179
11 70 0.191451
11 71 0.0820898
11 72 0.921316
11 73 0.96762
11 74 0.925979
11 75 0.0857903
11 76 0.900748
11 77 0.285003
11 78 0.842483
11 79 0.397818
11 80 -0.0741204
11 81 0.855401
11 82 -0.525975
11 83 0.653137
11 84 0.712958
11 85 0.210782
11 86 0.892882
11 87 -0.575163
11 88 0.389518
11 89 0.744326
11 90 0.792806
11 91 -0.370734
11 92 0.870261
11 93 -0.257211
11 94 0.720168
11 95 0.642494
11 96 -0.639201
11 97 -0.732888
11 98 -0.565013
11 99 0.0238412
11 100 -0.309161
12 0 0.238317
12 1 0.597968
12 2 0.332663
12 3 0.575542
12 4 0.237333
12 5 0.264035
12 6 0.737
12 7 0.547804
12 8 0.819272
12 9 -0.310981
12 10 -0.0213754
12 11 0.780609
12 12 1
12 13 0.835473
12 14 0.772596
12 15 0.619423
12 16 0.688189
12 17 -0.217673
12 18 0.810963
12 19 0.730864
12 20 0.602901
12 21 -0.359145
12 22 0.668696
12 23 0.753113
12 24 0.739024
12 25 0.668316
12 26 -0.0176347
12 27 0.647879
12 28 0.510879
12 29 0.633439
12 30 0.727291
12 31 0.050725
12 32 0.431571
12 33 0.758841
12 34 0.743478
12 35 0.501405
12 36 0.14472
12 37 0.932563
12 38 0.870371
12 39 0.246869
12 40 0.754872
12 41 0.690023
12 42 0.37252
12 43 0.636452
12 44 0.717239
12 45 0.64346
12 46 0.6308
12 47 0.832977
12 48 0.243148
12 49 0.731827
12 50 0.707195
12 51 0.604291
12 52 0.619573
12 53 0.783163
12 54 0.721019
12 55 0.627768
12 56 -0.153241
12 57 0.686138
12 58 0.121589
12 59 0.694666
12 60 0.425785
12 61 -0.263601
12 62 0.759237
12 63 0.750368
12 64 0.781373
12 65 0.646789
12 66 0.838878
12 67 0.610218
12 68 0.547905
12 69 0.597628
12 70 0.468757
12 71 0.142645
12 72 0.781302
12 73 0.725087
12 74 0.664758
12 75 0.433099
12 76 0.786031
12 77 0.634843
12 78 0.709251
12 79 0.628989
12 80 0.249946
12 81 0.545815
12 82 -0.0338472
12 83 0.752939
12 84 0.669725
12 85 0.676275
12 86 0.793115
12 87 -0.26178
12 88 0.517135
12 89 0.549039
12 90 0.674786
12 91 0.131567
12 92 0.769102
12 93 0.106194
12 94 0.799663
12 95 0.689765
12 96 -0.177075
12 97 -0.653652
12 98 -0.1066
12 99 0.390435
12 100 0.1395
13 0 0.23904
13 1 0.481767
13 2 0.484856
13 3 0.677355
13 4 0.592235
13 5 0.0998226
13 6 0.860169
13 7 0.58032
13 8 0.879497
13 9 -0.236064
13 10 0.0535206
13 11 0.754783
13 12 0.835473
13 13 1
13 14 0.664669
13 15 0.460819
13 16 0.389914
13 17 -0.515128
13 18 0.629434
13 19 0.677189
13 20 0.510753
13 21 -0.589049
13 22 0.473793
13 23 0.499221
13 24 0.925941
13 25 0.553487
13 26 0.372526
13 27 0.486275
13 28 0.360369
13 29 0.37649
13 30 0.550291
13 31 -0.0807161
13 32 0.0766651
13 33 0.657549
13 34 0.83543
13 35 0.762201
13 36 0.145258
13 37 0.915588
13 38 0.864303
13 39 0.253672
13 40 0.912778
13 41 0.823151
13 42 0.371718
13 43 0.667511
13 44 0.554225
13 45 0.469326
13 46 0.334454
13 47 0.895043
13 48 0.358531
13 49 0.704076
13 50 0.732129
13 51 0.597834
13 52 0.635634
13 53 0.805013
13 54 0.578769
13 55 0.448125
13 56 -0.445434
13 57 0.395831
13 58 -0.174225
13 59 0.496028
13 60 0.429595
13 61 -0.494847
13 62 0.601487
13 63 0.883292
13 64 0.707677
13 65 0.749065
13 66 0.929474
13 67 0.640761
13 68 0.695876
13 69 0.794691
13 70 0.304797
13 71 0.178552
13 72 0.825018
13 73 0.709487
13 74 0.761155
13 75 0.0522542
13 76 0.692461
13 77 0.677972
13 78 0.503166
13 79 0.306389
13 80 0.330038
13 81 0.456757
13 82 -0.00963644
13 83 0.519671
13 84 0.672884
13 85 0.589642
13 86 0.876338
13 87 -0.0399614
13 88 0.219607
13 89 0.759127
13 90 0.763793
13 91 -0.0199857
13 92 0.619923
13 93 -0.251918
13 94 0.601408
13 95 0.807311
13 96 -0.441034
13 97 -0.819284
13 98 -0.283553
13 99 0.206187
13 100 0.236613
14 0 -0.16341
14 1 0.904504
14 2 0.502937
14 3 0.240024
14 4 0.099232
14 5 0.501858
14 6 0.836296
14 7 0.809946
14 8 0.861338
14 9 -0.423824
14 10 -0.509376
14 11 0.838254
14 12 0.772596
14 13 0.664669
14 14 1
14 15 0.656343
14 16 0.673286
14 17 -0.496194
14 18 0.898638
14 19 0.790308
14 20 0.81846
14 21 -0.533783
14 22 0.912578
14 23 0.728688
14 24 0.704579
14 25 0.928637
14 26 -0.148982
14 27 0.844467
14 28 0.516498
14 29 0.648133
14 30 0.689496
14 31 -0.21089
14 32 0.698548
14 33 0.890937
14 34 0.737582
14 35 0.358279
14 36 -0.135843
14 37 0.81686
14 38 0.865368
14 39 0.0337661
14 40 0.735349
14 41 0.7074
14 42 0.303643
14 43 0.814816
14 44 0.898317
14 45 0.931467
14 46 0.808888
14 47 0.786907
14 48 0.495475
14 49 0.908287
14 50 0.912924
14 51 0.860997
14 52 0.504187
14 53 0.771808
14 54 0.930693
14 55 0.891015
14 56 -0.271162
14 57 0.838583
14 58 0.0749202
14 59 0.729382
14 60 0.177958
14 61 -0.380527
14 62 0.964944
14 63 0.629469
14 64 0.776031
14 65 0.89118
14 66 0.591819
14 67 0.767477
14 68 0.593921
14 69 0.274843
14 70 0.608293
14 71 0.0913883
14 72 0.883335
14 73 0.863302
14 74 0.815067
14 75 0.254543
14 76 0.899806
14 77 0.399922
14 78 0.867964
14 79 0.721544
14 80 0.25137
14 81 0.838053
14 82 -0.367537
14 83 0.750671
14 84 0.767295
14 85 0.462074
14 86 0.881005
14 87 -0.654458
14 88 0.740265
14 89 0.571945
14 90 0.881218
14 91 -0.113792
14 92 0.958949
14 93 0.0615874
14 94 0.888095
14 95 0.753068
14 96 -0.351653
14 97 -0.760335
14 98 -0.195907
14 99 0.228949
14 100 -0.334066
15 0 0.15379
15 1 0.406195
15 2 -0.119139
15 3 0.560686
15 4 -0.32482
15 5 0.739183
15 6 0.628383
15 7 0.177149
15 8 0.696209
15 9 0.14662
15 10 0.0770954
15 11 0.305092
15 12 0.619423
15 13 0.460819
15 14 0.656343
15 15 1
15 16 0.719922
15 17 0.0613781
15 18 0.62452
15 19 0.25241
15 20 0.282868
15 21 0.0612743
15 22 0.601608
15 23 0.91294
15 24 0.322195
15 25 0.420387
15 26 -0.00814709
15 27 0.879836
15 28 0.857069
15 29 0.788206
15 30 0.890632
15 31 0.445198
15 32 0.603993
15 33 0.423413
15 34 0.24644
15 35 -0.0741577
15 36 0.5017
15 37 0.660126
15 38 0.707172
15 39 0.604615
15 40 0.380491
15 41 0.304517
15 42 0.627563
15 43 0.217093
15 44 0.766269
15 45 0.541223
15 46 0.473981
15 47 0.550645
15 48 -0.20595
15 49 0.552253
15 50 0.520597
15 51 0.314923
15 52 0.769138
15 53 0.248722
15 54 0.453564
15 55 0.599966
15 56 -0.027664
15 57 0.750333
15 58 0.381133
15 59 0.76123
15 60 0.54912
15 61 0.142381
15 62 0.626971
15 63 0.681896
15 64 0.620389
15 65 0.597812
15 66 0.352247
15 67 0.384543
15 68 0.177811
15 69 0.482915
15 70 0.826089
15 71 -0.0351676
15 72 0.410372
15 73 0.290879
15 74 0.302469
15 75 0.569913
15 76 0.569092
15 77 0.682113
15 78 0.396156
15 79 0.872879
15 80 0.683186
15 81 0.26163
15 82 0.305794
15 83 0.719499
15 84 0.406495
15 85 0.806295
15 86 0.525265
15 87 -0.167227
15 88 0.777457
15 89 0.247131
15 90 0.589389
15 91 0.498043
15 92 0.592578
15 93 0.520907
15 94 0.700866
15 95 0.667754
15 96 0.275144
15 97 -0.431478
15 98 0.446168
15 99 0.67929
15 100 0.225586
16 0 0.0593861
16 1 0.500967
16 2 -0.105295
16 3 0.365337
16 4 -0.232101
16 5 0.546803
16 6 0.490918
16 7 0.293023
16 8 0.565042
16 9 -0.0746141
16 10 -0.113956
16 11 0.453631
16 12 0.688189
16 13 0.389914
16 14 0.673286
16 15 0.719922
16 16 1
16 17 0.147927
16 18 0.802577
16 19 0.371158
16 20 0.357314
16 21 0.0578824
16 22 0.717426
16 23 0.842133
16 24 0.31897
16 25 0.537522
16 26 -0.161305
16 27 0.758716
16 28 0.583084
16 29 0.770871
16 30 0.792865
16 31 0.317987
16 32 0.613859
16 33 0.476422
16 34 0.350209
16 35 -0.0681211
16 36 0.111231
16 37 0.647159
16 38 0.613575
16 39 0.207938
16 40 0.314041
16 41 0.329215
16 42 0.466734
16 43 0.321275
16 44 0.650478
16 45 0.605233
16 46 0.640102
16 47 0.457897
16 48 0.0421749
16 49 0.608049
16 50 0.525647
16 51 0.376562
16 52 0.649992
16 53 0.366812
16 54 0.569916
16 55 0.589338
16 56 0.160628
16 57 0.834575
16 58 0.455179
16 59 0.833766
16 60 0.319198
16 61 0.107699
16 62 0.733494
16 63 0.487763
16 64 0.649735
16 65 0.50499
16 66 0.37797
16 67 0.482699
16 68 0.166294
16 69 0.286154
16 70 0.778532
16 71 0.215001
16 72 0.443775
16 73 0.404405
16 74 0.302546
16 75 0.595035
16 76 0.658781
16 77 0.49697
16 78 0.655512
16 79 0.780112
16 80 0.336636
16 81 0.369805
16 82 0.114755
16 83 0.750401
16 84 0.488126
16 85 0.689892
16 86 0.483271
16 87 -0.346698
16 88 0.817656
16 89 0.205765
16 90 0.490492
16 91 0.433493
16 92 0.689999
16 93 0.548468
16 94 0.74303
16 95 0.471752
16 96 0.181557
16 97 -0.299029
16 98 0.21565
16 99 0.524332
16 100 0.0427305
17 0 0.300099
17 1 -0.540179
17 2 -0.756341
17 3 0.0125168
17 4 -0.583764
17 5 0.1162
17 6 -0.623215
17 7 -0.709941
17 8 -0.518939
17 9 0.463773
17 10 0.484796
17 11 -0.611367
17 12 -0.217673
17 13 -0.515128
17 14 -0.496194
17 15 0.0613781
17 16 0.147927
17 17 1
17 18 -0.261331
17 19 -0.579581
17 20 -0.562358
17 21 0.859919
17 22 -0.34637
17 23 0.0809308
17 24 -0.681624
17 25 -0.576968
17 26 -0.18888
17 27 -0.205639
17 28 0.0896145
17 29 0.0551233
17 30 0.0634021
17 31 0.646299
17 32 0.00798302
17 33 -0.509972
17 34 -0.640158
17 35 -0.664914
17 36 0.396003
17 37 -0.36818
17 38 -0.397144
17 39 0.270733
17 40 -0.667311
17 41 -0.666361
17 42 0.0821068
17 43 -0.714914
17 44 -0.364505
17 45 -0.443167
17 46 -0.248108
17 47 -0.564461
17 48 -0.711065
17 49 -0.496204
17 50 -0.648906
17 51 -0.69272
17 52 -0.0194421
17 53 -0.624283
17 54 -0.529864
17 55 -0.41219
17 56 0.666773
17 57 -0.0957372
17 58 0.510336
17 59 -0.0277927
17 60 0.114815
17 61 0.739223
17 62 -0.401222
17 63 -0.349223
17 64 -0.246687
17 65 -0.663494
17 66 -0.399547
17 67 -0.538753
17 68 -0.643008
17 69 -0.149894
17 70 0.0372853
17 71 -0.0103945
17 72 -0.704083
17 73 -0.674629
17 74 -0.784109
17 75 0.589787
17 76 -0.453797
17 77 -0.00464467
17 78 -0.381574
17 79 0.0832349
17 80 0.000630598
17 81 -0.605727
17 82 0.555889
17 83 -0.0453193
17 84 -0.5448
17 85 0.127444
17 86 -0.630541
17 87 0.310436
17 88 0.0170604
17 89 -0.657099
17 90 -0.627795
17 91 0.700244
17 92 -0.459032
17 93 0.657253
17 94 -0.216364
17 95 -0.489068
17 96 0.7797
17 97 0.700245
17 98 0.658326
17 99 0.30517
17 100 0.43278
18 0 -0.136062
18 1 0.763792
18 2 0.318289
18 3 0.24344
18 4 0.108231
18 5 0.416413
18 6 0.724197
18 7 0.696225
18 8 0.782754
18 9 -0.406656
18 10 -0.363453
18 11 0.789236
18 12 0.810963
18 13 0.629434
18 14 0.898638
18 15 0.62452
18 16 0.802577
18 17 -0.261331
18 18 1
18 19 0.702523
18 20 0.653233
18 21 -0.386614
18 22 0.89799
18 23 0.751925
18 24 0.620471
18 25 0.863452
18 26 -0.197074
18 27 0.803349
18 28 0.462369
18 29 0.727723
18 30 0.699954
18 31 -0.0793698
18 32 0.681317
18 33 0.777384
18 34 0.704388
18 35 0.336281
18 36 -0.169066
18 37 0.810415
18 38 0.820629
18 39 -0.0238812
18 40 0.637075
18 41 0.675885
18 42 0.408905
18 43 0.713464
18 44 0.775623
18 45 0.862182
18 46 0.800396
18 47 0.713814
18 48 0.427618
18 49 0.869225
18 50 0.791895
18 51 0.757793
18 52 0.569516
18 53 0.733924
18 54 0.850643
18 55 0.734791
18 56 -0.11892
18 57 0.859358
18 58 0.190266
18 59 0.852053
18 60 0.228582
18 61 -0.286722
18 62 0.90773
18 63 0.594787
18 64 0.716322
18 65 0.758543
18 66 0.56837
18 67 0.720129
18 68 0.563134
18 69 0.325127
18 70 0.617691
18 71 0.150003
18 72 0.767562
18 73 0.766639
18 74 0.683259
18 75 0.391425
18 76 0.885267
18 77 0.49891
18 78 0.831479
18 79 0.720824
18 80 0.238081
18 81 0.729299
18 82 -0.216087
18 83 0.851347
18 84 0.716162
18 85 0.501247
18 86 0.797567
18 87 -0.565888
18 88 0.758185
18 89 0.513892
18 90 0.798969
18 91 0.0897737
18 92 0.906745
18 93 0.236759
18 94 0.859259
18 95 0.69847
18 96 -0.247346
18 97 -0.564118
18 98 -0.133862
18 99 0.342776
18 100 -0.186564
19 0 -0.099022
19 1 0.799722
19 2 0.721519
19 3 0.137104
19 4 0.375877
19 5 0.051999
19 6 0.634259
19 7 0.867277
19 8 0.701519
19 9 -0.6718
19 10 -0.487736
19 11 0.934034
19 12 0.730864
19 13 0.677189
19 14 0.790308
19 15 0.25241
19 16 0.371158
19 17 -0.579581
19 18 0.702523
19 19 1
19 20 0.852818
19 21 -0.710601
19 22 0.714973
19 23 0.391358
19 24 0.758387
19 25 0.845048
19 26 -0.20371
19 27 0.443915
19 28 0.176809
19 29 0.423067
19 30 0.325252
19 31 -0.487689
19 32 0.47468
19 33 0.937694
19 34 0.809914
19 35 0.625206
19 36 -0.232022
19 37 0.740709
19 38 0.724201
19 39 -0.101313
19 40 0.738719
19 41 0.759303
19 42 0.062356
19 43 0.865962
19 44 0.686145
19 45 0.773903
19 46 0.736371
19 47 0.740426
19 48 0.595961
19 49 0.734471
19 50 0.76245
19 51 0.856242
19 52 0.163406
19 53 0.920354
19 54 0.884431
19 55 0.728239
19 56 -0.305894
19 57 0.558731
19 58 -0.129182
19 59 0.415169
19 60 0.0479513
19 61 -0.549685
19 62 0.75465
19 63 0.420018
19 64 0.576396
19 65 0.656961
19 66 0.70106
19 67 0.625526
19 68 0.719308
19 69 0.178198
19 70 0.127944
19 71 -0.0229818
19 72 0.870247
19 73 0.960503
19 74 0.855575
19 75 0.10792
19 76 0.801809
19 77 0.21477
19 78 0.787348
19 79 0.39943
19 80 -0.122318
19 81 0.873233
19 82 -0.587403
19 83 0.547183
19 84 0.672149
19 85 0.148532
19 86 0.808589
19 87 -0.581374
19 88 0.355977
19 89 0.585284
19 90 0.689925
19 91 -0.410534
19 92 0.795425
19 93 -0.33264
19 94 0.697315
19 95 0.524007
19 96 -0.538696
19 97 -0.681218
19 98 -0.499662
19 99 0.0111644
19 100 -0.384681
20 0 -0.126244
20 1 0.915821
20 2 0.668778
20 3 0.00685414
20 4 0.131384
20 5 0.290596
20 6 0.592166
20 7 0.83547
20 8 0.590072
20 9 -0.491103
20 10 -0.686198
20 11 0.789265
20 12 0.602901
20 13 0.510753
20 14 0.81846
20 15 0.282868
20 16 0.357314
20 17 -0.562358
20 18 0.653233
20 19 0.852818
20 20 1
20 21 -0.591042
20 22 0.739515
20 23 0.384128
20 24 0.570765
20 25 0.846651
20 26 -0.242485
20 27 0.521337
20 28 0.215659
20 29 0.312908
20 30 0.367772
20 31 -0.450875
20 32 0.586086
20 33 0.898813
20 34 0.653343
20 35 0.363632
20 36 -0.30726
20 37 0.574055
20 38 0.609516
20 39 -0.171399
20 40 0.629622
20 41 0.532328
20 42 -0.14471
20 43 0.81249
20 44 0.733529
20 45 0.800427
20 46 0.750907
20 47 0.587012
20 48 0.604745
20 49 0.719453
20 50 0.773627
20 51 0.796025
20 52 0.0710368
20 53 0.733909
20 54 0.879095
20 55 0.861434
20 56 -0.136858
20 57 0.566376
20 58 -0.0118628
20 59 0.349241
20 60 -0.14287
20 61 -0.399536
20 62 0.809785
20 63 0.335606
20 64 0.650856
20 65 0.665685
20 66 0.505887
20 67 0.647587
20 68 0.448061
20 69 -0.0254241
20 70 0.249024
20 71 0.0220092
20 72 0.825477
20 73 0.859805
20 74 0.7619
20 75 0.137165
20 76 0.695608
20 77 0.0129079
20 78 0.849106
20 79 0.434219
20 80 -0.155761
20 81 0.856904
20 82 -0.662899
20 83 0.461866
20 84 0.685121
20 85 0.149269
20 86 0.709057
20 87 -0.736936
20 88 0.446665
20 89 0.381882
20 90 0.641448
20 91 -0.411042
20 92 0.806926
20 93 -0.175073
20 94 0.764869
20 95 0.437788
20 96 -0.423447
20 97 -0.656075
20 98 -0.364535
20 99 -0.0528521
20 100 -0.597484
21 0 0.433446
21 1 -0.525995
21 2 -0.861392
21 3 0.0251531
21 4 -0.647982
21 5 0.309085
21 6 -0.5885
21 7 -0.762376
21 8 -0.578174
21 9 0.731572
21 10 0.434829
21 11 -0.771972
21 12 -0.359145
21 13 -0.589049
21 14 -0.533783
21 15 0.0612743
21 16 0.0578824
21 17 0.859919
21 18 -0.386614
21 19 -0.710601
21 20 -0.591042
21 21 1
21 22 -0.434004
21 23 0.0441753
21 24 -0.759884
21 25 -0.654754
21 26 -0.014735
21 27 -0.150985
21 28 0.101473
21 29 -0.0499298
21 30 0.0892895
21 31 0.739835
21 32 -0.0112895
21 33 -0.650034
21 34 -0.824989
21 35 -0.787705
21 36 0.410388
21 37 -0.497725
21 38 -0.525453
21 39 0.2904
21 40 -0.770879
21 41 -0.83452
21 42 0.0427897
21 43 -0.841941
21 44 -0.362647
21 45 -0.499386
21 46 -0.322636
21 47 -0.673697
21 48 -0.71898
21 49 -0.497602
21 50 -0.654327
21 51 -0.832326
21 52 0.0128435
21 53 -0.807287
21 54 -0.631145
21 55 -0.431788
21 56 0.63578
21 57 -0.169641
21 58 0.633886
21 59 -0.0984158
21 60 0.0672329
21 61 0.905194
21 62 -0.432085
21 63 -0.320564
21 64 -0.231812
21 65 -0.654855
21 66 -0.567494
21 67 -0.691736
21 68 -0.846905
21 69 -0.201238
21 70 0.138549
21 71 0.0123219
21 72 -0.748484
21 73 -0.777739
21 74 -0.897309
21 75 0.450641
21 76 -0.625721
21 77 -0.0212941
21 78 -0.499983
21 79 0.0378832
21 80 0.185376
21 81 -0.723325
21 82 0.656062
21 83 -0.20702
21 84 -0.442576
21 85 0.192064
21 86 -0.740168
21 87 0.399327
21 88 0.0486533
21 89 -0.795462
21 90 -0.661189
21 91 0.702258
21 92 -0.570181
21 93 0.634769
21 94 -0.250419
21 95 -0.464233
21 96 0.923482
21 97 0.703385
21 98 0.832731
21 99 0.318292
21 100 0.406681
22 0 -0.248795
22 1 0.849101
22 2 0.402472
22 3 0.101035
22 4 -0.047289
22 5 0.469761
22 6 0.656458
22 7 0.723935
22 8 0.714596
22 9 -0.455469
22 10 -0.592604
22 11 0.735232
22 12 0.668696
22 13 0.473793
22 14 0.912578
22 15 0.601608
22 16 0.717426
22 17 -0.34637
22 18 0.89799
22 19 0.714973
22 20 0.739515
22 21 -0.434004
22 22 1
22 23 0.659289
22 24 0.525809
22 25 0.919532
22 26 -0.344047
22 27 0.805336
22 28 0.484545
22 29 0.707987
22 30 0.607241
22 31 -0.251163
22 32 0.777658
22 33 0.811151
22 34 0.621361
22 35 0.206888
22 36 -0.197535
22 37 0.677992
22 38 0.726089
22 39 -0.0397438
22 40 0.537936
22 41 0.613962
22 42 0.298837
22 43 0.718845
22 44 0.849509
22 45 0.89595
22 46 0.831926
22 47 0.631397
22 48 0.476983
22 49 0.78875
22 50 0.794526
22 51 0.81331
22 52 0.389657
22 53 0.662491
22 54 0.897856
22 55 0.872718
22 56 -0.118645
22 57 0.908136
22 58 0.154032
22 59 0.738182
22 60 0.143332
22 61 -0.31223
22 62 0.913493
22 63 0.430237
22 64 0.622449
22 65 0.774675
22 66 0.386759
22 67 0.696768
22 68 0.507161
22 69 0.0750249
22 70 0.630055
22 71 0.0104329
22 72 0.721843
22 73 0.771043
22 74 0.700821
22 75 0.285
22 76 0.867448
22 77 0.284878
22 78 0.827836
22 79 0.742111
22 80 0.155208
22 81 0.837794
22 82 -0.403304
22 83 0.743627
22 84 0.62342
22 85 0.36201
22 86 0.737619
22 87 -0.705838
22 88 0.780068
22 89 0.434004
22 90 0.781344
22 91 -0.0694259
22 92 0.918746
22 93 0.17326
22 94 0.80839
22 95 0.589476
22 96 -0.243219
22 97 -0.561037
22 98 -0.182832
22 99 0.277975
22 100 -0.429913
23 0 0.152198
23 1 0.490985
23 2 -0.11738
23 3 0.513439
23 4 -0.273871
23 5 0.69831
23 6 0.628353
23 7 0.269884
23 8 0.700398
23 9 0.0164656
23 10 0.0343925
23 11 0.452325
23 12 0.753113
23 13 0.499221
23 14 0.728688
23 15 0.91294
23 16 0.842133
23 17 0.0809308
23 18 0.751925
23 19 0.391358
23 20 0.384128
23 21 0.0441753
23 22 0.659289
23 23 1
23 24 0.369095
23 25 0.511086
23 26 -0.0581285
23 27 0.885271
23 28 0.771494
23 29 0.821323
23 30 0.928907
23 31 0.441052
23 32 0.670973
23 33 0.520264
23 34 0.326803
23 35 -0.0437041
23 36 0.368492
23 37 0.734696
23 38 0.747467
23 39 0.482318
23 40 0.422267
23 41 0.357538
23 42 0.586629
23 43 0.304062
23 44 0.787539
23 45 0.657836
23 46 0.628891
23 47 0.584092
23 48 -0.126327
23 49 0.657444
23 50 0.575057
23 51 0.380378
23 52 0.765727
23 53 0.371828
23 54 0.556783
23 55 0.633037
23 56 0.0304887
23 57 0.808891
23 58 0.458044
23 59 0.843704
23 60 0.483064
23 61 0.142491
23 62 0.721697
23 63 0.666501
23 64 0.716568
23 65 0.579576
23 66 0.450119
23 67 0.482039
23 68 0.22953
23 69 0.451689
23 70 0.771656
23 71 0.0309423
23 72 0.505612
23 73 0.404594
23 74 0.346081
23 75 0.669489
23 76 0.656689
23 77 0.686576
23 78 0.557575
23 79 0.893175
23 80 0.575243
23 81 0.344717
23 82 0.246249
23 83 0.81344
23 84 0.50836
23 85 0.794042
23 86 0.571159
23 87 -0.275201
23 88 0.830566
23 89 0.251479
23 90 0.581818
23 91 0.458716
23 92 0.690474
23 93 0.536621
23 94 0.804559
23 95 0.636778
23 96 0.238591
23 97 -0.426982
23 98 0.368814
23 99 0.666487
23 100 0.188741
24 0 0.0205423
24 1 0.582169
24 2 0.666597
24 3 0.460104
24 4 0.687427
24 5 -0.00647859
24 6 0.855452
24 7 0.739603
24 8 0.86247
24 9 -0.430592
24 10 -0.163071
24 11 0.84546
24 12 0.739024
24 13 0.925941
24 14 0.704579
24 15 0.322195
24 16 0.31897
24 17 -0.681624
24 18 0.620471
24 19 0.758387
24 20 0.570765
24 21 -0.759884
24 22 0.525809
24 23 0.369095
24 24 1
24 25 0.660417
24 26 0.287474
24 27 0.430864
24 28 0.202092
24 29 0.2775
24 30 0.379857
24 31 -0.321499
24 32 0.0746056
24 33 0.721829
24 34 0.914764
24 35 0.83977
24 36 -0.089695
24 37 0.847131
24 38 0.834199
24 39 0.0362911
24 40 0.948613
24 41 0.903598
24 42 0.282931
24 43 0.805671
24 44 0.54203
24 45 0.545149
24 46 0.366206
24 47 0.895046
24 48 0.573038
24 49 0.737633
24 50 0.795127
24 51 0.746787
24 52 0.482532
24 53 0.881149
24 54 0.663102
24 55 0.493281
24 56 -0.532608
24 57 0.376794
24 58 -0.361189
24 59 0.433026
24 60 0.271779
24 61 -0.686192
24 62 0.629524
24 63 0.761745
24 64 0.63441
24 65 0.810428
24 66 0.869661
24 67 0.704482
24 68 0.826709
24 69 0.645619
24 70 0.200671
24 71 0.181072
24 72 0.881296
24 73 0.818678
24 74 0.872946
24 75 -0.13106
24 76 0.751159
24 77 0.485804
24 78 0.56501
24 79 0.212532
24 80 0.201618
24 81 0.614412
24 82 -0.235242
24 83 0.473166
24 84 0.701593
24 85 0.371278
24 86 0.903263
24 87 -0.197767
24 88 0.17771
24 89 0.86672
24 90 0.821786
24 91 -0.260331
24 92 0.678053
24 93 -0.393709
24 94 0.557082
24 95 0.790909
24 96 -0.659582
24 97 -0.851305
24 98 -0.486091
24 99 -0.000133715
24 100 0.0213958
25 0 -0.311204
25 1 0.911654
25 2 0.641814
25 3 -0.0136044
25 4 0.185457
25 5 0.28152
25 6 0.710782
25 7 0.893978
25 8 0.736377
25 9 -0.622344
25 10 -0.665364
25 11 0.878826
25 12 0.668316
25 13 0.553487
25 14 0.928637
25 15 0.420387
25 16 0.537522
25 17 -0.576968
25 18 0.863452
25 19 0.845048
25 20 0.846651
25 21 -0.654754
25 22 0.919532
25 23 0.511086
25 24 0.660417
25 25 1
25 26 -0.317994
25 27 0.690202
25 28 0.319097
25 29 0.541539
25 30 0.448965
25 31 -0.471377
25 32 0.675933
25 33 0.895745
25 34 0.765947
25 35 0.443989
25 36 -0.387868
25 37 0.687472
25 38 0.738449
25 39 -0.225194
25 40 0.682441
25 41 0.734665
25 42 0.12427
25 43 0.890767
25 44 0.800643
25 45 0.938943
25 46 0.840642
25 47 0.70913
25 48 0.663057
25 49 0.84184
25 50 0.854819
25 51 0.937475
25 52 0.252234
25 53 0.822588
25 54 0.968721
25 55 0.84357
25 56 -0.287186
25 57 0.76048
25 58 -0.0448674
25 59 0.621655
25 60 0.00756548
25 61 -0.530427
25 62 0.902469
25 63 0.421198
25 64 0.590524
25 65 0.804678
25 66 0.497707
25 67 0.746564
25 68 0.65969
25 69 0.0805035
25 70 0.415423
25 71 0.0407052
25 72 0.853482
25 73 0.91473
25 74 0.858233
25 75 0.109003
25 76 0.891316
25 77 0.188429
25 78 0.883885
25 79 0.574717
25 80 0.00899859
25 81 0.935721
25 82 -0.588089
25 83 0.687414
25 84 0.707738
25 85 0.195763
25 86 0.822991
25 87 -0.760115
25 88 0.620652
25 89 0.586062
25 90 0.827039
25 91 -0.334073
25 92 0.937798
25 93 -0.0667817
25 94 0.782947
25 95 0.619829
25 96 -0.497241
25 97 -0.662006
25 98 -0.418794
25 99 0.0643724
25 100 -0.53561
26 0 0.429318
26 1 -0.242469
26 2 -0.154364
26 3 0.536651
26 4 0.514115
26 5 0.0370088
26 6 0.298151
26 7 -0.122067
26 8 0.179263
26 9 0.504777
26 10 0.381228
26 11 -0.133815
26 12 -0.0176347
26 13 0.372526
26 14 -0.148982
26 15 -0.00814709
26 16 -0.161305
26 17 -0.18888
26 18 -0.197074
26 19 -0.20371
26 20 -0.242485
26 21 -0.014735
26 22 -0.344047
26 23 -0.0581285
26 24 0.287474
26 25 -0.317994
26 26 1
26 27 -0.0792796
26 28 -0.0229857
26 29 -0.28217
26 30 0.111101
26 31 0.286816
26 32 -0.609865
26 33 -0.251904
26 34 0.0251462
