0 WDC
1 NFLX
2 GOOGL
3 AAPL
4 SRCL
5 CTRX
6 SBAC
7 XLNX
8 NXPI
9 LMCK
10 LMCA
11 VRTX
12 SPLS
13 MYL
14 SIAL
15 HSIC
16 CTSH
17 AMZN
18 MAR
19 MAT
20 VRSK
21 FOXA
22 VIP
23 BRCM
24 ROST
25 WFM
26 CHKP
27 GRMN
28 ESRX
29 REGN
30 AMAT
31 CHTR
32 KLAC
33 DTV
34 AVGO
35 PCLN
36 CTXS
37 SYMC
38 DISCA
39 PAYX
40 SIRI
41 DISCK
42 FFIV
43 ORLY
44 LVNTA
45 QCOM
46 YHOO
47 VOD
48 MU
49 MDLZ
50 GMCR
51 ALTR
52 AMGN
53 FB
54 COST
55 FISV
56 WYNN
57 ADSK
58 MSFT
59 DLTR
60 SNDK
61 FAST
62 BBBY
63 EXPE
64 EXPD
65 QVCA
66 LLTC
67 ADP
68 GILD
69 CA
70 ILMN
71 TRIP
72 ADI
73 CHRW
74 TSCO
75 NTAP
76 VIAB
77 BIDU
78 EBAY
79 SBUX
80 CMCSA
81 NVDA
82 ADBE
83 LBTYA
84 TSLA
85 KRFT
86 MXIM
87 DISH
88 PCAR
89 TXN
90 MNST
91 BIIB
92 ATVI
93 CELG
94 GOOG
95 AKAM
96 INTC
97 INTU
98 ALXN
99 STX
100 ISRG
101 EQIX
102 CERN
103 CSCO
END
0 0 1
0 1 0.506009
0 2 0.747549
0 3 0.161113
0 4 0.0737177
0 5 0.844938
0 6 0.429731
0 7 0.616421
0 8 0.611553
0 9 0.338172
0 10 0.343189
0 11 -0.38895
0 12 -0.0057373
0 13 -0.104456
0 14 -0.645826
0 15 0.51332
0 16 0.293742
0 17 0.630111
0 18 0.515145
0 19 0.78536
0 20 0.812743
0 21 0.911313
0 22 0.75207
0 23 0.635962
0 24 -0.315053
0 25 0.288054
0 26 0.339226
0 27 0.454937
0 28 0.569221
0 29 -0.0794292
0 30 0.908401
0 31 0.731259
0 32 0.724463
0 33 0.378989
0 34 0.370062
0 35 0.793878
0 36 0.621266
0 37 0.745211
0 38 0.647049
0 39 -0.220934
0 40 0.894522
0 41 0.650379
0 42 0.779467
0 43 0.149474
0 44 0.54287
0 45 0.492083
0 46 0.0311643
0 47 0.853778
0 48 0.704305
0 49 0.752564
0 50 -0.297343
0 51 0.767167
0 52 0.103537
0 53 -0.0564635
0 54 -0.192875
0 55 0.321293
0 56 0.582457
0 57 0.353644
0 58 0.429345
0 59 -0.138248
0 60 0.840548
0 61 0.82659
0 62 0.0955206
0 63 0.893421
0 64 0.600174
0 65 0.730559
0 66 0.919706
0 67 0.858125
0 68 0.287193
0 69 0.744191
0 70 0.422163
0 71 0.544879
0 72 0.929152
0 73 0.128975
0 74 0.326181
0 75 0.760217
0 76 0.757312
0 77 0.380399
0 78 0.717752
0 79 0.791002
0 80 0.758918
0 81 0.843769
0 82 0.902764
0 83 0.270916
0 84 0.727007
0 85 0.792641
0 86 0.926875
0 87 0.870361
0 88 0.552575
0 89 0.701751
0 90 -0.246193
0 91 0.830219
0 92 0.848436
0 93 0.19767
0 94 0.750136
0 95 0.844648
0 96 0.888197
0 97 0.440893
0 98 0.0365396
0 99 0.83757
0 100 0.0387637
0 101 0.829705
0 102 0.0544912
0 103 0.814071
1 0 0.506009
1 1 1
1 2 0.828724
1 3 -0.598271
1 4 -0.691469
1 5 0.277135
1 6 -0.101929
1 7 -0.160682
1 8 -0.00902571
1 9 0.61169
1 10 0.616114
1 11 -0.718844
1 12 -0.398356
1 13 -0.70486
1 14 -0.690129
1 15 -0.250356
1 16 -0.448527
1 17 0.838899
1 18 -0.332497
1 19 0.760115
1 20 0.35265
1 21 0.478498
1 22 0.79672
1 23 -0.0498698
1 24 -0.686438
1 25 -0.341866
1 26 -0.406776
1 27 -0.188336
1 28 -0.240659
1 29 -0.74918
1 30 0.296609
1 31 0.318842
1 32 0.122815
1 33 0.149881
1 34 -0.0569918
1 35 0.541433
1 36 0.826124
1 37 -0.044172
1 38 0.767188
1 39 -0.792505
1 40 0.550012
1 41 0.761089
1 42 0.20574
1 43 -0.655598
1 44 0.469924
1 45 0.316078
1 46 -0.617441
1 47 0.354083
1 48 0.119365
1 49 0.0731241
1 50 -0.719998
1 51 0.345354
1 52 -0.666461
1 53 -0.0526974
1 54 -0.727028
1 55 -0.484801
1 56 0.353081
1 57 -0.248765
1 58 -0.204686
1 59 -0.774727
1 60 0.616779
1 61 0.676843
1 62 -0.458669
1 63 0.570074
1 64 -0.206394
1 65 0.821204
1 66 0.608326
1 67 0.28384
1 68 -0.202427
1 69 -0.0602682
1 70 -0.425177
1 71 0.756487
1 72 0.413187
1 73 -0.63352
1 74 -0.501438
1 75 0.197798
1 76 0.804761
1 77 -0.459512
1 78 0.49111
1 79 0.173373
1 80 0.438054
1 81 0.113218
1 82 0.317955
1 83 -0.525048
1 84 0.758734
1 85 0.354965
1 86 0.580795
1 87 0.657963
1 88 -0.272905
1 89 -0.128381
1 90 -0.7112
1 91 0.608195
1 92 0.745731
1 93 -0.594949
1 94 0.820302
1 95 0.574954
1 96 0.639569
1 97 -0.310066
1 98 -0.679024
1 99 0.089959
1 100 -0.604993
1 101 0.44328
1 102 -0.615957
1 103 0.40123
2 0 0.747549
2 1 0.828724
2 2 1
2 3 -0.339919
2 4 -0.487099
2 5 0.485152
2 6 0.218691
2 7 0.33472
2 8 0.39916
2 9 0.626853
2 10 0.620461
2 11 -0.522543
2 12 -0.143916
2 13 -0.56952
2 14 -0.642938
2 15 0.0193399
2 16 -0.228413
2 17 0.801154
2 18 0.104477
2 19 0.77578
2 20 0.563978
2 21 0.697813
2 22 0.853347
2 23 0.387314
2 24 -0.5988
2 25 -0.130462
2 26 -0.0961861
2 27 -0.0105558
2 28 0.0410188
2 29 -0.432413
2 30 0.588219
2 31 0.613461
2 32 0.545264
2 33 0.337341
2 34 0.326202
2 35 0.690078
2 36 0.88042
2 37 0.330599
2 38 0.750284
2 39 -0.573371
2 40 0.770597
2 41 0.749509
2 42 0.517954
2 43 -0.392413
2 44 0.478282
2 45 0.506065
2 46 -0.350881
2 47 0.599526
2 48 0.480044
2 49 0.324967
2 50 -0.648279
2 51 0.711485
2 52 -0.343686
2 53 0.152493
2 54 -0.518748
2 55 -0.141703
2 56 0.454433
2 57 0.0820545
2 58 0.169406
2 59 -0.515598
2 60 0.885652
2 61 0.892922
2 62 -0.247376
2 63 0.79878
2 64 0.150238
2 65 0.833748
2 66 0.868811
2 67 0.575596
2 68 0.0681958
2 69 0.32964
2 70 -0.09714
2 71 0.763983
2 72 0.694286
2 73 -0.375031
2 74 -0.231389
2 75 0.594692
2 76 0.896165
2 77 -0.0782982
2 78 0.583124
2 79 0.389807
2 80 0.690321
2 81 0.436076
2 82 0.556145
2 83 -0.189151
2 84 0.78516
2 85 0.467324
2 86 0.864111
2 87 0.854028
2 88 -0.0306528
2 89 0.309938
2 90 -0.569744
2 91 0.771556
2 92 0.806499
2 93 -0.274622
2 94 0.998928
2 95 0.816303
2 96 0.885387
2 97 0.130781
2 98 -0.45123
2 99 0.350534
2 100 -0.428942
2 101 0.634059
2 102 -0.318018
2 103 0.698071
3 0 0.161113
3 1 -0.598271
3 2 -0.339919
3 3 1
3 4 0.89365
3 5 0.361541
3 6 0.517664
3 7 0.485637
3 8 0.475506
3 9 -0.557013
3 10 -0.559003
3 11 0.618209
3 12 0.504698
3 13 0.82179
3 14 0.362893
3 15 0.753358
3 16 0.831362
3 17 -0.510978
3 18 0.789653
3 19 -0.279172
3 20 0.22097
3 21 0.0537682
3 22 -0.426344
3 23 0.60314
3 24 0.704279
3 25 0.727133
3 26 0.831924
3 27 0.476007
3 28 0.744913
3 29 0.79252
3 30 0.335588
3 31 0.161354
3 32 0.432732
3 33 0.251848
3 34 0.350592
3 35 -0.123422
3 36 -0.467602
3 37 0.658602
3 38 -0.493422
3 39 0.818528
3 40 -0.0118474
3 41 -0.487207
3 42 0.434184
3 43 0.922489
3 44 -0.228169
3 45 -0.0967629
3 46 0.886349
3 47 0.335364
3 48 0.367678
3 49 0.581361
3 50 0.768057
3 51 0.124694
3 52 0.929737
3 53 -0.0174687
3 54 0.825167
3 55 0.909271
3 56 -0.147141
3 57 0.683695
3 58 0.719873
3 59 0.841532
3 60 -0.0464075
3 61 -0.0893456
3 62 0.794161
3 63 0.0952345
3 64 0.69602
3 65 -0.229032
3 66 -0.0462196
3 67 0.312903
3 68 0.543896
3 69 0.605089
3 70 0.75954
3 71 -0.548038
3 72 0.158918
3 73 0.803047
3 74 0.856934
3 75 0.355114
3 76 -0.423076
3 77 0.787911
3 78 0.116719
3 79 0.398854
3 80 0.158312
3 81 0.466759
3 82 0.2837
3 83 0.891309
3 84 -0.276064
3 85 0.268319
3 86 -0.0118453
3 87 -0.00966081
3 88 0.719973
3 89 0.672368
3 90 0.795054
3 91 -0.14465
3 92 -0.279319
3 93 0.92297
3 94 -0.323184
3 95 0.0982562
3 96 -0.0185599
3 97 0.746699
3 98 0.867393
3 99 0.580425
3 100 0.85594
3 101 0.0762546
3 102 0.851109
3 103 0.24351
4 0 0.0737177
4 1 -0.691469
4 2 -0.487099
4 3 0.89365
4 4 1
4 5 0.340584
4 6 0.405317
4 7 0.40368
4 8 0.304478
4 9 -0.614144
4 10 -0.607863
4 11 0.532784
4 12 0.360147
4 13 0.88981
4 14 0.321371
4 15 0.754601
4 16 0.85728
4 17 -0.531772
4 18 0.665844
4 19 -0.269703
4 20 0.171064
4 21 0.064634
4 22 -0.485992
4 23 0.431988
4 24 0.640377
4 25 0.729922
4 26 0.738038
4 27 0.612853
4 28 0.768135
4 29 0.773974
4 30 0.242641
4 31 0.0316882
4 32 0.225449
4 33 0.053254
4 34 0.145292
4 35 -0.110547
4 36 -0.618212
4 37 0.592103
4 38 -0.474003
4 39 0.820982
4 40 -0.0974744
4 41 -0.476139
4 42 0.285687
4 43 0.955332
4 44 -0.120244
4 45 -0.191694
4 46 0.811015
4 47 0.213774
4 48 0.294664
4 49 0.54415
4 50 0.721714
4 51 -0.0597274
4 52 0.857997
4 53 -0.117264
4 54 0.78216
4 55 0.837808
4 56 -0.0432267
4 57 0.585815
4 58 0.547483
4 59 0.851179
4 60 -0.248339
4 61 -0.235981
4 62 0.711357
4 63 -0.0146549
4 64 0.652527
4 65 -0.33516
4 66 -0.16278
4 67 0.21557
4 68 0.384267
4 69 0.564614
4 70 0.779437
4 71 -0.600233
4 72 0.114795
4 73 0.87137
4 74 0.883197
4 75 0.139769
4 76 -0.493253
4 77 0.799141
4 78 0.0441232
4 79 0.446497
4 80 -0.0254202
4 81 0.45103
4 82 0.282947
4 83 0.804451
4 84 -0.323511
4 85 0.235556
4 86 -0.126617
4 87 -0.142048
4 88 0.812685
4 89 0.580817
4 90 0.775133
4 91 -0.193797
4 92 -0.28062
4 93 0.875933
4 94 -0.475869
4 95 -0.0822323
4 96 -0.174701
4 97 0.626884
4 98 0.922075
4 99 0.532474
4 100 0.885008
4 101 0.0619475
4 102 0.780902
4 103 0.0701509
5 0 0.844938
5 1 0.277135
5 2 0.485152
5 3 0.361541
5 4 0.340584
5 5 1
5 6 0.548983
5 7 0.580961
5 8 0.627748
5 9 0.0627884
5 10 0.0673621
5 11 -0.308019
5 12 0.263705
5 13 0.148607
5 14 -0.614929
5 15 0.698049
5 16 0.559213
5 17 0.432456
5 18 0.664153
5 19 0.700507
5 20 0.892591
5 21 0.829813
5 22 0.579138
5 23 0.664893
5 24 -0.0431026
5 25 0.532565
5 26 0.545143
5 27 0.565742
5 28 0.816029
5 29 0.0575231
5 30 0.892991
5 31 0.613974
5 32 0.656907
5 33 0.363569
5 34 0.387822
5 35 0.596038
5 36 0.420974
5 37 0.830385
5 38 0.409355
5 39 -0.0327146
5 40 0.810786
5 41 0.416215
5 42 0.829006
5 43 0.412124
5 44 0.384816
5 45 0.244822
5 46 0.297191
5 47 0.757079
5 48 0.51916
5 49 0.855731
5 50 -0.0310563
5 51 0.661075
5 52 0.305904
5 53 -0.227248
5 54 0.0860378
5 55 0.534624
5 56 0.370301
5 57 0.364355
5 58 0.532569
5 59 0.119856
5 60 0.655939
5 61 0.648071
5 62 0.27975
5 63 0.72764
5 64 0.796635
5 65 0.554803
5 66 0.759575
5 67 0.877926
5 68 0.228405
5 69 0.846808
5 70 0.586997
5 71 0.269088
5 72 0.798623
5 73 0.334394
5 74 0.494358
5 75 0.692353
5 76 0.513219
5 77 0.576134
5 78 0.489733
5 79 0.800736
5 80 0.719899
5 81 0.906214
5 82 0.890419
5 83 0.405608
5 84 0.620958
5 85 0.834639
5 86 0.738723
5 87 0.730735
5 88 0.743247
5 89 0.727802
5 90 0.027951
5 91 0.559108
5 92 0.72589
5 93 0.347375
5 94 0.490522
5 95 0.8037
5 96 0.661475
5 97 0.482423
5 98 0.194524
5 99 0.902259
5 100 0.286254
5 101 0.833001
5 102 0.267457
5 103 0.701347
6 0 0.429731
6 1 -0.101929
6 2 0.218691
6 3 0.517664
6 4 0.405317
6 5 0.548983
6 6 1
6 7 0.715749
6 8 0.764596
6 9 -0.0342753
6 10 -0.0408167
6 11 0.233603
6 12 0.556969
6 13 0.400281
6 14 -0.0971766
6 15 0.549335
6 16 0.462661
6 17 -0.0299334
6 18 0.776941
6 19 0.140847
6 20 0.558501
6 21 0.432129
6 22 0.10899
6 23 0.80841
6 24 0.431663
6 25 0.498083
6 26 0.794334
6 27 0.226361
6 28 0.596451
6 29 0.553878
6 30 0.60155
6 31 0.542662
6 32 0.717794
6 33 0.511114
6 34 0.763083
6 35 0.106902
6 36 0.157001
6 37 0.723777
6 38 -0.0606501
6 39 0.368636
6 40 0.417759
6 41 -0.026891
6 42 0.724322
6 43 0.563396
6 44 -0.231131
6 45 0.19971
6 46 0.66291
6 47 0.488411
6 48 0.568148
6 49 0.54127
6 50 0.364845
6 51 0.595523
6 52 0.614058
6 53 0.384352
6 54 0.49515
6 55 0.68984
6 56 -0.113028
6 57 0.605128
6 58 0.740238
6 59 0.473765
6 60 0.461555
6 61 0.48109
6 62 0.595352
6 63 0.492126
6 64 0.694097
6 65 0.211434
6 66 0.373218
6 67 0.481909
6 68 0.660808
6 69 0.74348
6 70 0.679414
6 71 0.00955117
6 72 0.335422
6 73 0.467208
6 74 0.561936
6 75 0.6457
6 76 0.13469
6 77 0.664193
6 78 0.169774
6 79 0.504725
6 80 0.639073
6 81 0.617338
6 82 0.545133
6 83 0.530581
6 84 0.351783
6 85 0.550099
6 86 0.446037
6 87 0.524843
6 88 0.443882
6 89 0.704204
6 90 0.385817
6 91 0.14008
6 92 0.212749
6 93 0.630297
6 94 0.231147
6 95 0.511034
6 96 0.459513
6 97 0.617971
6 98 0.451174
6 99 0.61715
6 100 0.497225
6 101 0.32657
6 102 0.673298
6 103 0.585486
7 0 0.616421
7 1 -0.160682
7 2 0.33472
7 3 0.485637
7 4 0.40368
7 5 0.580961
7 6 0.715749
7 7 1
7 8 0.826625
7 9 0.0951243
7 10 0.0869126
7 11 0.164864
7 12 0.443249
7 13 0.259962
7 14 -0.15299
7 15 0.583897
7 16 0.444354
7 17 0.0599788
7 18 0.826121
7 19 0.225557
7 20 0.635148
7 21 0.587764
7 22 0.279072
7 23 0.861058
7 24 0.175516
7 25 0.415548
7 26 0.657055
7 27 0.456178
7 28 0.657437
7 29 0.540724
7 30 0.743966
7 31 0.709717
7 32 0.828198
7 33 0.369936
7 34 0.736338
7 35 0.401467
7 36 0.214963
7 37 0.814948
7 38 0.144136
7 39 0.291654
7 40 0.605576
7 41 0.164287
7 42 0.739239
7 43 0.514286
7 44 0.0720796
7 45 0.438968
7 46 0.465752
7 47 0.581589
7 48 0.724261
7 49 0.606511
7 50 0.144971
7 51 0.781086
7 52 0.553512
7 53 0.407645
7 54 0.31593
7 55 0.645621
7 56 0.237141
7 57 0.524742
7 58 0.687264
7 59 0.398419
7 60 0.595272
7 61 0.512083
7 62 0.395843
7 63 0.547381
7 64 0.763131
7 65 0.156576
7 66 0.607681
7 67 0.676278
7 68 0.581429
7 69 0.842877
7 70 0.737398
7 71 0.163338
7 72 0.655678
7 73 0.544031
7 74 0.576293
7 75 0.78701
7 76 0.312069
7 77 0.698659
7 78 0.265407
7 79 0.563129
7 80 0.635538
7 81 0.778049
7 82 0.648831
7 83 0.603092
7 84 0.265303
7 85 0.513022
7 86 0.657351
7 87 0.513201
7 88 0.564804
7 89 0.875523
7 90 0.219781
7 91 0.443328
7 92 0.330579
7 93 0.589686
7 94 0.350547
7 95 0.535283
7 96 0.60141
7 97 0.739409
7 98 0.398351
7 99 0.683613
7 100 0.37658
7 101 0.508188
7 102 0.528511
7 103 0.627722
8 0 0.611553
8 1 -0.00902571
8 2 0.39916
8 3 0.475506
8 4 0.304478
8 5 0.627748
8 6 0.764596
8 7 0.826625
8 8 1
8 9 -0.139345
8 10 -0.148528
8 11 0.240358
8 12 0.620944
8 13 0.223146
8 14 -0.0997824
8 15 0.661574
8 16 0.549946
8 17 0.127718
8 18 0.835185
8 19 0.21498
8 20 0.628807
8 21 0.533818
8 22 0.252363
8 23 0.901431
8 24 0.285957
8 25 0.597558
8 26 0.729733
8 27 0.186115
8 28 0.605928
8 29 0.380917
8 30 0.782194
8 31 0.567447
8 32 0.944802
8 33 0.682218
8 34 0.890512
8 35 0.209484
8 36 0.385612
8 37 0.770861
8 38 -0.00757558
8 39 0.301145
8 40 0.629261
8 41 0.0197368
8 42 0.857573
8 43 0.45303
8 44 -0.140834
8 45 0.132716
8 46 0.566521
8 47 0.638647
8 48 0.680985
8 49 0.679192
8 50 0.225769
8 51 0.858325
8 52 0.545888
8 53 0.316207
8 54 0.404281
8 55 0.680388
8 56 -0.0922959
8 57 0.634307
8 58 0.855101
8 59 0.409059
8 60 0.685238
8 61 0.65361
8 62 0.578278
8 63 0.643951
8 64 0.800971
8 65 0.364598
8 66 0.649023
8 67 0.722649
8 68 0.493724
8 69 0.832956
8 70 0.549812
8 71 4.06938e-05
8 72 0.608308
8 73 0.391866
8 74 0.481597
8 75 0.864286
8 76 0.252789
8 77 0.70474
8 78 0.350834
8 79 0.483166
8 80 0.645805
8 81 0.781249
8 82 0.66005
8 83 0.525632
8 84 0.400972
8 85 0.573404
8 86 0.660492
8 87 0.625647
8 88 0.461321
8 89 0.895157
8 90 0.285439
8 91 0.348115
8 92 0.376358
8 93 0.541174
8 94 0.406404
8 95 0.68324
8 96 0.617576
8 97 0.754246
8 98 0.294407
8 99 0.662952
8 100 0.378865
8 101 0.557627
8 102 0.583309
8 103 0.809748
9 0 0.338172
9 1 0.61169
9 2 0.626853
9 3 -0.557013
9 4 -0.614144
9 5 0.0627884
9 6 -0.0342753
9 7 0.0951243
9 8 -0.139345
9 9 1
9 10 0.998545
9 11 -0.63845
9 12 -0.361327
9 13 -0.615402
9 14 -0.581917
9 15 -0.523806
9 16 -0.713654
9 17 0.58079
9 18 -0.283577
9 19 0.54075
9 20 0.229697
9 21 0.323278
9 22 0.695749
9 23 -0.0319404
9 24 -0.605435
9 25 -0.693622
9 26 -0.402016
9 27 -0.0382709
9 28 -0.286765
9 29 -0.405761
9 30 0.147765
9 31 0.502753
9 32 0.013866
9 33 -0.158077
9 34 -0.0157156
9 35 0.552831
9 36 0.524019
9 37 -0.0624674
9 38 0.756463
9 39 -0.711907
9 40 0.40525
9 41 0.767456
9 42 0.0273287
9 43 -0.56108
9 44 0.374466
9 45 0.774361
9 46 -0.627443
9 47 0.084028
9 48 0.0759891
9 49 -0.265586
9 50 -0.651104
9 51 0.258565
9 52 -0.543472
9 53 0.24863
9 54 -0.703705
9 55 -0.496468
9 56 0.517817
9 57 -0.419761
9 58 -0.395948
9 59 -0.692225
9 60 0.45242
9 61 0.382662
9 62 -0.664914
9 63 0.282293
9 64 -0.265016
9 65 0.30334
9 66 0.41215
9 67 0.0913441
9 68 0.0651578
9 69 -0.104839
9 70 -0.131842
9 71 0.912071
9 72 0.239531
9 73 -0.480169
9 74 -0.402023
9 75 0.161459
9 76 0.732678
9 77 -0.449683
9 78 0.0933636
9 79 0.0322466
9 80 0.417443
9 81 0.00881003
9 82 0.131992
9 83 -0.455988
9 84 0.493452
9 85 0.130532
9 86 0.437971
9 87 0.388505
9 88 -0.314313
9 89 -0.193615
9 90 -0.720463
9 91 0.484272
9 92 0.495523
9 93 -0.486863
9 94 0.632526
9 95 0.270064
9 96 0.523329
9 97 -0.358242
9 98 -0.553736
9 99 0.015154
9 100 -0.648171
9 101 0.140004
9 102 -0.532432
9 103 0.064938
10 0 0.343189
10 1 0.616114
10 2 0.620461
10 3 -0.559003
10 4 -0.607863
10 5 0.0673621
10 6 -0.0408167
10 7 0.0869126
10 8 -0.148528
10 9 0.998545
10 10 1
10 11 -0.649777
10 12 -0.373423
10 13 -0.611156
10 14 -0.589172
10 15 -0.517561
10 16 -0.710073
10 17 0.591157
10 18 -0.292061
10 19 0.547795
10 20 0.233374
10 21 0.332457
10 22 0.70017
10 23 -0.0424183
10 24 -0.601898
10 25 -0.691927
10 26 -0.399216
10 27 -0.0275286
10 28 -0.28485
10 29 -0.406264
10 30 0.151817
10 31 0.496092
10 32 0.00206013
10 33 -0.172359
10 34 -0.0313444
10 35 0.563451
10 36 0.516712
10 37 -0.0645893
10 38 0.76973
10 39 -0.717091
10 40 0.406783
10 41 0.781911
10 42 0.0232466
10 43 -0.55635
10 44 0.380033
10 45 0.773034
10 46 -0.636135
10 47 0.0939374
10 48 0.0746883
10 49 -0.262189
10 50 -0.649946
10 51 0.248665
10 52 -0.549217
10 53 0.245043
10 54 -0.712062
10 55 -0.500983
10 56 0.525467
10 57 -0.430428
10 58 -0.411362
10 59 -0.702583
10 60 0.442641
10 61 0.378076
10 62 -0.668906
10 63 0.284329
10 64 -0.267428
10 65 0.30634
10 66 0.409533
10 67 0.0928222
10 68 0.0717086
10 69 -0.102947
10 70 -0.123568
10 71 0.916048
10 72 0.242869
10 73 -0.472212
10 74 -0.38837
10 75 0.147579
10 76 0.73457
10 77 -0.450287
10 78 0.107499
10 79 0.0485582
10 80 0.403932
10 81 0.0147499
10 82 0.14371
10 83 -0.46427
10 84 0.503392
10 85 0.146165
10 86 0.436871
10 87 0.38555
10 88 -0.302089
10 89 -0.197194
10 90 -0.722697
10 91 0.494757
10 92 0.50537
10 93 -0.484251
10 94 0.624954
10 95 0.258369
10 96 0.520886
10 97 -0.373191
10 98 -0.548269
10 99 0.0245041
10 100 -0.648941
10 101 0.141454
10 102 -0.536365
10 103 0.0561638
11 0 -0.38895
11 1 -0.718844
11 2 -0.522543
11 3 0.618209
11 4 0.532784
11 5 -0.308019
11 6 0.233603
11 7 0.164864
11 8 0.240358
11 9 -0.63845
11 10 -0.649777
11 11 1
11 12 0.465546
11 13 0.599297
11 14 0.892653
11 15 0.296959
11 16 0.467394
11 17 -0.761579
11 18 0.409358
11 19 -0.823441
11 20 -0.434563
11 21 -0.504657
11 22 -0.799339
11 23 0.275776
11 24 0.744915
11 25 0.40624
11 26 0.490097
11 27 -0.142453
11 28 0.130143
11 29 0.682963
11 30 -0.242517
11 31 -0.270328
11 32 0.192961
11 33 0.251566
11 34 0.314956
11 35 -0.623532
11 36 -0.579763
11 37 0.0664674
11 38 -0.84981
11 39 0.892119
11 40 -0.525748
11 41 -0.838713
11 42 -0.0436993
11 43 0.564985
11 44 -0.617752
11 45 -0.349048
11 46 0.698773
11 47 -0.149734
11 48 0.142014
11 49 -0.0253251
11 50 0.731507
11 51 -0.140631
11 52 0.735948
11 53 0.247696
11 54 0.815841
11 55 0.582643
11 56 -0.569099
11 57 0.560452
11 58 0.503003
11 59 0.793133
11 60 -0.350299
11 61 -0.354687
11 62 0.721535
11 63 -0.283383
11 64 0.187215
11 65 -0.492646
11 66 -0.450117
11 67 -0.211617
11 68 0.437107
11 69 0.0769469
11 70 0.236839
11 71 -0.77268
11 72 -0.345434
11 73 0.385533
11 74 0.436761
11 75 0.0565206
11 76 -0.75567
11 77 0.477197
11 78 -0.165483
11 79 -0.210194
11 80 -0.299087
11 81 -0.101869
11 82 -0.28195
11 83 0.516774
11 84 -0.648015
11 85 -0.356223
11 86 -0.410422
11 87 -0.394011
11 88 0.0882881
11 89 0.25767
11 90 0.765145
11 91 -0.485581
11 92 -0.73299
11 93 0.680506
11 94 -0.518241
11 95 -0.307037
11 96 -0.383596
11 97 0.552436
11 98 0.663183
11 99 -0.0830536
11 100 0.568522
11 101 -0.430638
11 102 0.744812
11 103 -0.071067
12 0 -0.0057373
12 1 -0.398356
12 2 -0.143916
12 3 0.504698
12 4 0.360147
12 5 0.263705
12 6 0.556969
12 7 0.443249
12 8 0.620944
12 9 -0.361327
12 10 -0.373423
12 11 0.465546
12 12 1
12 13 0.347897
12 14 0.226889
12 15 0.381319
12 16 0.456251
12 17 -0.297785
12 18 0.640688
12 19 -0.234229
12 20 0.241454
12 21 -0.0394467
12 22 -0.208948
12 23 0.569489
12 24 0.617119
12 25 0.479559
12 26 0.654161
12 27 -0.104491
12 28 0.396814
12 29 0.498588
12 30 0.279246
12 31 0.235156
12 32 0.482722
12 33 0.49327
12 34 0.72469
12 35 -0.356143
12 36 -0.078867
12 37 0.409263
12 38 -0.469916
12 39 0.48918
12 40 0.100615
12 41 -0.436187
12 42 0.40141
12 43 0.500482
12 44 -0.630227
12 45 -0.195508
12 46 0.674611
12 47 0.0763082
12 48 0.0144709
12 49 0.26032
12 50 0.520337
12 51 0.365439
12 52 0.617689
12 53 0.212067
12 54 0.670401
12 55 0.615309
12 56 -0.601896
12 57 0.376251
12 58 0.623893
12 59 0.624018
12 60 0.0852185
12 61 0.0497157
12 62 0.548559
12 63 0.0192874
12 64 0.574847
12 65 -0.155748
12 66 0.0387478
12 67 0.285876
12 68 0.31868
12 69 0.484591
12 70 0.411147
12 71 -0.410201
12 72 -0.0601135
12 73 0.348736
12 74 0.370088
12 75 0.467497
12 76 -0.263039
12 77 0.573218
12 78 -0.256531
12 79 -0.0296412
12 80 0.306529
12 81 0.347443
12 82 0.0872977
12 83 0.415298
12 84 -0.0372831
12 85 0.192312
12 86 0.0226053
12 87 0.0787426
12 88 0.219799
12 89 0.46994
12 90 0.54906
12 91 -0.276927
12 92 -0.168166
12 93 0.486542
12 94 -0.13295
12 95 0.20859
12 96 -0.000541829
12 97 0.460615
12 98 0.30219
12 99 0.267714
12 100 0.419863
12 101 0.046492
12 102 0.671187
12 103 0.23885
13 0 -0.104456
13 1 -0.70486
13 2 -0.56952
13 3 0.82179
13 4 0.88981
13 5 0.148607
13 6 0.400281
13 7 0.259962
13 8 0.223146
13 9 -0.615402
13 10 -0.611156
13 11 0.599297
13 12 0.347897
13 13 1
13 14 0.465902
13 15 0.562754
13 16 0.723827
13 17 -0.616597
13 18 0.532959
13 19 -0.431343
13 20 -0.0409306
13 21 -0.144154
13 22 -0.637552
13 23 0.308482
13 24 0.749176
13 25 0.604449
13 26 0.695686
13 27 0.370613
13 28 0.585728
13 29 0.753566
13 30 0.0532665
13 31 -0.0671911
13 32 0.135182
13 33 0.191352
13 34 0.144539
13 35 -0.323955
13 36 -0.666235
13 37 0.406954
13 38 -0.613113
13 39 0.846269
13 40 -0.278549
13 41 -0.606814
13 42 0.222313
13 43 0.85522
13 44 -0.333116
13 45 -0.209845
13 46 0.80568
13 47 0.0604032
13 48 0.172357
13 49 0.332986
13 50 0.8512
13 51 -0.193008
13 52 0.811843
13 53 -0.0924106
13 54 0.824354
13 55 0.757466
13 56 -0.226113
13 57 0.599282
13 58 0.490262
13 59 0.852993
13 60 -0.353307
13 61 -0.285066
13 62 0.727627
13 63 -0.125004
13 64 0.464876
13 65 -0.380634
13 66 -0.348315
13 67 -0.0168053
13 68 0.418564
13 69 0.354338
13 70 0.63151
13 71 -0.669312
13 72 -0.121735
13 73 0.738357
13 74 0.730669
13 75 -0.00587572
13 76 -0.633274
13 77 0.702447
13 78 -0.0724164
13 79 0.239143
13 80 -0.123356
13 81 0.243544
13 82 0.0792645
13 83 0.679643
13 84 -0.356642
13 85 0.0601716
13 86 -0.312517
13 87 -0.237181
13 88 0.608293
13 89 0.407047
13 90 0.816092
13 91 -0.356131
13 92 -0.447916
13 93 0.809786
13 94 -0.559344
13 95 -0.180919
13 96 -0.300853
13 97 0.481273
13 98 0.869134
13 99 0.359639
13 100 0.921911
13 101 -0.111408
13 102 0.774253
13 103 -0.027507
14 0 -0.645826
14 1 -0.690129
14 2 -0.642938
14 3 0.362893
14 4 0.321371
14 5 -0.614929
14 6 -0.0971766
14 7 -0.15299
14 8 -0.0997824
14 9 -0.581917
14 10 -0.589172
14 11 0.892653
14 12 0.226889
14 13 0.465902
14 14 1
14 15 -0.026564
14 16 0.190697
14 17 -0.783841
14 18 0.0469296
14 19 -0.938545
14 20 -0.739825
14 21 -0.745538
14 22 -0.887983
14 23 -0.0820268
14 24 0.610266
14 25 0.118773
14 26 0.170371
14 27 -0.339024
14 28 -0.211267
14 29 0.49263
14 30 -0.57865
14 31 -0.514104
14 32 -0.143418
14 33 0.0660274
14 34 0.0405461
14 35 -0.747051
14 36 -0.678161
14 37 -0.282199
14 38 -0.862015
14 39 0.732821
14 40 -0.773037
14 41 -0.857517
14 42 -0.376142
14 43 0.302605
14 44 -0.629875
14 45 -0.38619
14 46 0.432261
14 47 -0.424903
14 48 -0.123367
14 49 -0.360303
14 50 0.610217
14 51 -0.433757
14 52 0.46176
14 53 0.164755
14 54 0.626992
14 55 0.262293
14 56 -0.598709
14 57 0.316706
14 58 0.164839
14 59 0.591409
14 60 -0.589823
14 61 -0.559841
14 62 0.473598
14 63 -0.529255
14 64 -0.187877
14 65 -0.614344
14 66 -0.689286
14 67 -0.543959
14 68 0.209129
14 69 -0.289799
14 70 -0.0624955
14 71 -0.773684
14 72 -0.599144
14 73 0.152753
14 74 0.159313
14 75 -0.273846
14 76 -0.846862
14 77 0.150337
14 78 -0.298374
14 79 -0.499116
14 80 -0.578394
14 81 -0.442149
14 82 -0.563616
14 83 0.231059
14 84 -0.768263
14 85 -0.648162
14 86 -0.661104
14 87 -0.632805
14 88 -0.186425
14 89 -0.10048
14 90 0.622925
14 91 -0.634732
14 92 -0.870877
14 93 0.401474
14 94 -0.64337
14 95 -0.583397
14 96 -0.612556
14 97 0.220998
14 98 0.462943
14 99 -0.414315
14 100 0.36204
14 101 -0.660816
14 102 0.485039
14 103 -0.354345
15 0 0.51332
15 1 -0.250356
15 2 0.0193399
15 3 0.753358
15 4 0.754601
15 5 0.698049
15 6 0.549335
15 7 0.583897
15 8 0.661574
15 9 -0.523806
15 10 -0.517561
15 11 0.296959
15 12 0.381319
15 13 0.562754
15 14 -0.026564
15 15 1
15 16 0.91915
15 17 -0.0577417
15 18 0.819312
15 19 0.160887
15 20 0.568005
15 21 0.516424
15 22 -0.0101569
15 23 0.655063
15 24 0.362113
15 25 0.926026
15 26 0.766644
15 27 0.590145
15 28 0.870019
15 29 0.517018
15 30 0.666029
15 31 0.240126
15 32 0.608015
15 33 0.321691
15 34 0.36937
15 35 0.247316
15 36 -0.0373361
15 37 0.7994
15 38 -0.12677
15 39 0.527109
15 40 0.401143
15 41 -0.131253
15 42 0.663101
15 43 0.782391
15 44 0.13317
15 45 -0.219647
15 46 0.680464
15 47 0.669381
15 48 0.562853
15 49 0.907094
15 50 0.400813
15 51 0.424082
15 52 0.702724
15 53 -0.13148
15 54 0.543528
15 55 0.816422
15 56 0.107894
15 57 0.675562
15 58 0.757331
15 59 0.603461
15 60 0.279609
15 61 0.292302
15 62 0.716058
15 63 0.477658
15 64 0.858597
15 65 0.201889
15 66 0.378898
15 67 0.681598
15 68 0.343933
15 69 0.837439
15 70 0.696445
15 71 -0.316557
15 72 0.586061
15 73 0.732526
15 74 0.794184
15 75 0.511986
15 76 -0.0250363
15 77 0.84262
15 78 0.433289
15 79 0.742804
15 80 0.305431
15 81 0.763117
15 82 0.68285
15 83 0.784152
15 84 0.140376
15 85 0.596102
15 86 0.394677
15 87 0.358159
15 88 0.868106
15 89 0.84044
15 90 0.530765
15 91 0.28295
15 92 0.223074
15 93 0.751538
15 94 0.021681
15 95 0.44442
15 96 0.28292
15 97 0.778589
15 98 0.672437
15 99 0.75282
15 100 0.697243
15 101 0.559395
15 102 0.639686
15 103 0.571173
16 0 0.293742
16 1 -0.448527
16 2 -0.228413
16 3 0.831362
16 4 0.85728
16 5 0.559213
16 6 0.462661
16 7 0.444354
16 8 0.549946
16 9 -0.713654
16 10 -0.710073
16 11 0.467394
16 12 0.456251
16 13 0.723827
16 14 0.190697
16 15 0.91915
16 16 1
16 17 -0.313149
16 18 0.77471
16 19 -0.0775111
16 20 0.355999
16 21 0.26475
16 22 -0.275335
16 23 0.558581
16 24 0.544736
16 25 0.91913
16 26 0.789763
16 27 0.509062
16 28 0.828093
16 29 0.558147
16 30 0.468161
16 31 0.0536361
16 32 0.479204
16 33 0.312985
16 34 0.304993
16 35 -0.026445
16 36 -0.287161
16 37 0.683449
16 38 -0.387571
16 39 0.718909
16 40 0.151059
16 41 -0.390477
16 42 0.536232
16 43 0.868446
16 44 -0.0601706
16 45 -0.32815
16 46 0.800463
16 47 0.456067
16 48 0.413847
16 49 0.769359
16 50 0.60715
16 51 0.213829
16 52 0.807334
16 53 -0.261236
16 54 0.720057
16 55 0.881558
16 56 -0.0931791
16 57 0.691536
16 58 0.730976
16 59 0.764778
16 60 0.0381579
16 61 0.0644191
16 62 0.792931
16 63 0.234133
16 64 0.795963
16 65 -0.0109851
16 66 0.125138
16 67 0.486173
16 68 0.28377
16 69 0.704806
16 70 0.645023
16 71 -0.579782
16 72 0.34762
16 73 0.744131
16 74 0.811894
16 75 0.373184
16 76 -0.313488
16 77 0.86026
16 78 0.267865
16 79 0.55024
16 80 0.129865
16 81 0.632115
16 82 0.479407
16 83 0.786493
16 84 -0.099534
16 85 0.387051
16 86 0.125032
16 87 0.120971
16 88 0.838395
16 89 0.729413
16 90 0.700827
16 91 -0.0136684
16 92 -0.0339534
16 93 0.805766
16 94 -0.225026
16 95 0.258911
16 96 0.034433
16 97 0.747228
16 98 0.764365
16 99 0.645418
16 100 0.806583
16 101 0.350639
16 102 0.750082
16 103 0.39394
17 0 0.630111
17 1 0.838899
17 2 0.801154
17 3 -0.510978
17 4 -0.531772
17 5 0.432456
17 6 -0.0299334
17 7 0.0599788
17 8 0.127718
17 9 0.58079
17 10 0.591157
17 11 -0.761579
17 12 -0.297785
17 13 -0.616597
17 14 -0.783841
17 15 -0.0577417
17 16 -0.313149
17 17 1
17 18 -0.153677
17 19 0.819792
17 20 0.503674
17 21 0.676044
17 22 0.880541
17 23 0.0303705
17 24 -0.663539
17 25 -0.165361
17 26 -0.311713
17 27 0.0125574
17 28 -0.0384456
17 29 -0.591943
17 30 0.489459
17 31 0.3643
17 32 0.180553
17 33 0.171052
17 34 0.0165939
17 35 0.737122
17 36 0.835319
17 37 0.111227
17 38 0.843014
17 39 -0.776753
17 40 0.729383
17 41 0.837265
17 42 0.334444
17 43 -0.537793
17 44 0.562642
17 45 0.318979
17 46 -0.587487
17 47 0.505261
17 48 0.222787
17 49 0.226585
17 50 -0.704237
17 51 0.491878
17 52 -0.57856
17 53 -0.0562573
17 54 -0.702819
17 55 -0.392757
17 56 0.519853
17 57 -0.255053
17 58 -0.178359
17 59 -0.718615
17 60 0.666752
17 61 0.692654
17 62 -0.416848
17 63 0.66038
17 64 -0.00904873
17 65 0.776578
17 66 0.725658
17 67 0.468745
17 68 -0.194055
17 69 0.14133
17 70 -0.206297
17 71 0.779292
17 72 0.603134
17 73 -0.42112
17 74 -0.361136
17 75 0.253979
17 76 0.875178
17 77 -0.241155
17 78 0.527409
17 79 0.366864
17 80 0.398743
17 81 0.308785
17 82 0.502354
17 83 -0.393358
17 84 0.831899
17 85 0.504646
17 86 0.682355
17 87 0.675316
17 88 -0.0604469
17 89 0.0533896
17 90 -0.668572
17 91 0.748445
17 92 0.866913
17 93 -0.505135
17 94 0.785033
17 95 0.602074
17 96 0.658808
17 97 -0.220201
17 98 -0.608998
17 99 0.221857
17 100 -0.484877
17 101 0.680975
17 102 -0.588537
17 103 0.449652
18 0 0.515145
18 1 -0.332497
18 2 0.104477
18 3 0.789653
18 4 0.665844
18 5 0.664153
18 6 0.776941
18 7 0.826121
18 8 0.835185
18 9 -0.283577
18 10 -0.292061
18 11 0.409358
18 12 0.640688
18 13 0.532959
18 14 0.0469296
18 15 0.819312
18 16 0.77471
18 17 -0.153677
18 18 1
18 19 0.0561559
18 20 0.561715
18 21 0.444131
18 22 0.0125202
18 23 0.899164
18 24 0.484235
18 25 0.728853
18 26 0.888923
18 27 0.450121
18 28 0.832704
18 29 0.659634
18 30 0.694972
18 31 0.477636
18 32 0.811573
18 33 0.474799
18 34 0.7103
18 35 0.16853
18 36 -0.000751729
18 37 0.871622
18 38 -0.185019
18 39 0.585074
18 40 0.434383
18 41 -0.16627
18 42 0.766296
18 43 0.789859
18 44 -0.107956
18 45 0.118738
18 46 0.788175
18 47 0.608168
18 48 0.622265
18 49 0.749999
18 50 0.472577
18 51 0.617058
18 52 0.841275
18 53 0.106877
18 54 0.645878
18 55 0.915543
18 56 -0.0139587
18 57 0.717921
18 58 0.872294
18 59 0.679512
18 60 0.422812
18 61 0.35617
18 62 0.718818
18 63 0.458143
18 64 0.908373
18 65 0.0838878
18 66 0.421061
18 67 0.682139
18 68 0.588689
18 69 0.893396
18 70 0.799833
18 71 -0.21616
18 72 0.515373
18 73 0.673187
18 74 0.776737
18 75 0.755818
18 76 0.00465727
18 77 0.892618
18 78 0.250254
18 79 0.582124
18 80 0.528593
18 81 0.775582
18 82 0.6129
18 83 0.802797
18 84 0.117693
18 85 0.506585
18 86 0.45135
18 87 0.403803
18 88 0.728566
18 89 0.915155
18 90 0.545904
18 91 0.182863
18 92 0.138429
18 93 0.825719
18 94 0.118936
18 95 0.520582
18 96 0.395398
18 97 0.878782
18 98 0.637413
18 99 0.76583
18 100 0.649499
18 101 0.452161
18 102 0.799977
18 103 0.612973
19 0 0.78536
19 1 0.760115
19 2 0.77578
19 3 -0.279172
19 4 -0.269703
19 5 0.700507
19 6 0.140847
19 7 0.225557
19 8 0.21498
19 9 0.54075
19 10 0.547795
19 11 -0.823441
19 12 -0.234229
19 13 -0.431343
19 14 -0.938545
19 15 0.160887
19 16 -0.0775111
19 17 0.819792
19 18 0.0561559
19 19 1
19 20 0.786847
19 21 0.840625
19 22 0.919546
19 23 0.204557
19 24 -0.638142
19 25 -0.00968384
19 26 -0.0872151
19 27 0.356272
19 28 0.283687
19 29 -0.477173
19 30 0.6663
19 31 0.590444
19 32 0.298016
19 33 0.0464126
19 34 0.0117002
19 35 0.812205
19 36 0.726386
19 37 0.411234
19 38 0.878041
19 39 -0.663931
19 40 0.830312
19 41 0.86804
19 42 0.483134
19 43 -0.238698
19 44 0.693057
19 45 0.408695
19 46 -0.378508
19 47 0.574471
19 48 0.270928
19 49 0.503695
19 50 -0.622217
19 51 0.515322
19 52 -0.380249
19 53 -0.180692
19 54 -0.579405
19 55 -0.152888
19 56 0.641679
19 57 -0.119769
19 58 -0.0170115
19 59 -0.53343
19 60 0.696484
19 61 0.707374
19 62 -0.368139
19 63 0.678552
19 64 0.273545
19 65 0.750778
19 66 0.802789
19 67 0.65116
19 68 -0.145962
19 69 0.408192
19 70 0.0891524
19 71 0.758844
19 72 0.73272
19 73 -0.134048
19 74 -0.075836
19 75 0.407743
19 76 0.896862
19 77 -0.0634116
19 78 0.482273
19 79 0.602298
19 80 0.657034
19 81 0.555616
19 82 0.676769
19 83 -0.129192
19 84 0.820019
19 85 0.699541
19 86 0.785949
19 87 0.753438
19 88 0.283371
19 89 0.250844
19 90 -0.583074
19 91 0.754297
19 92 0.933649
19 93 -0.300513
19 94 0.776192
19 95 0.717498
19 96 0.74113
19 97 -0.0640575
19 98 -0.378003
19 99 0.519514
19 100 -0.320527
19 101 0.737174
19 102 -0.40766
19 103 0.519001
20 0 0.812743
20 1 0.35265
20 2 0.563978
20 3 0.22097
20 4 0.171064
20 5 0.892591
20 6 0.558501
20 7 0.635148
20 8 0.628807
20 9 0.229697
20 10 0.233374
20 11 -0.434563
20 12 0.241454
20 13 -0.0409306
20 14 -0.739825
20 15 0.568005
20 16 0.355999
20 17 0.503674
20 18 0.561715
20 19 0.786847
20 20 1
20 21 0.863893
20 22 0.710309
20 23 0.620998
20 24 -0.151609
20 25 0.397306
20 26 0.435303
20 27 0.562806
20 28 0.698323
20 29 0.0211454
20 30 0.901493
20 31 0.728124
20 32 0.626301
20 33 0.224521
20 34 0.417818
20 35 0.660775
20 36 0.544166
20 37 0.775181
20 38 0.569474
20 39 -0.219801
20 40 0.878016
20 41 0.580908
20 42 0.78896
20 43 0.25776
20 44 0.408633
20 45 0.331995
20 46 0.145918
20 47 0.696673
20 48 0.457289
20 49 0.785872
20 50 -0.170785
20 51 0.737145
20 52 0.148193
20 53 0.0299757
20 54 -0.0817319
20 55 0.361774
20 56 0.406879
20 57 0.172077
20 58 0.435081
20 59 -0.0501333
20 60 0.726851
20 61 0.672616
20 62 0.0828983
20 63 0.690292
20 64 0.729365
20 65 0.558818
20 66 0.812192
20 67 0.869838
20 68 0.225154
20 69 0.800992
20 70 0.561283
20 71 0.468953
20 72 0.797875
20 73 0.337611
20 74 0.377975
20 75 0.682958
20 76 0.669303
20 77 0.400731
20 78 0.393935
20 79 0.754697
20 80 0.799281
20 81 0.850027
20 82 0.829225
20 83 0.329835
20 84 0.669874
20 85 0.890133
20 86 0.808933
20 87 0.731146
20 88 0.608793
20 89 0.666392
20 90 -0.120809
20 91 0.636796
20 92 0.779641
20 93 0.201664
20 94 0.573169
20 95 0.777208
20 96 0.737489
20 97 0.357616
20 98 0.0312983
20 99 0.79814
20 100 0.112639
20 101 0.774017
20 102 0.123498
20 103 0.658427
21 0 0.911313
21 1 0.478498
21 2 0.697813
21 3 0.0537682
21 4 0.064634
21 5 0.829813
21 6 0.432129
21 7 0.587764
21 8 0.533818
21 9 0.323278
21 10 0.332457
21 11 -0.504657
21 12 -0.0394467
21 13 -0.144154
21 14 -0.745538
21 15 0.516424
21 16 0.26475
21 17 0.676044
21 18 0.444131
21 19 0.840625
21 20 0.863893
21 21 1
21 22 0.783714
21 23 0.521266
21 24 -0.373517
21 25 0.295106
21 26 0.284856
21 27 0.522287
21 28 0.551461
21 29 -0.0759731
21 30 0.874781
21 31 0.666969
21 32 0.588245
21 33 0.197132
21 34 0.296976
21 35 0.844362
21 36 0.606005
21 37 0.699914
21 38 0.728498
21 39 -0.309261
21 40 0.888271
21 41 0.727898
21 42 0.697784
21 43 0.123557
21 44 0.597848
21 45 0.395902
21 46 -0.046557
21 47 0.813066
21 48 0.604494
21 49 0.746105
21 50 -0.381221
21 51 0.697704
21 52 0.00682541
21 53 -0.0279217
21 54 -0.27849
21 55 0.227628
21 56 0.630779
21 57 0.207407
21 58 0.312793
21 59 -0.193362
21 60 0.753272
21 61 0.761782
21 62 -0.00238898
21 63 0.822361
21 64 0.56338
21 65 0.693505
21 66 0.87015
21 67 0.823684
21 68 0.185149
21 69 0.724228
21 70 0.422139
21 71 0.571517
21 72 0.890937
21 73 0.198137
21 74 0.300805
21 75 0.615747
21 76 0.795227
21 77 0.34989
21 78 0.600023
21 79 0.840103
21 80 0.69408
21 81 0.806626
21 82 0.904356
21 83 0.221528
21 84 0.771219
21 85 0.812336
21 86 0.886118
21 87 0.815534
21 88 0.563892
21 89 0.61807
21 90 -0.291878
21 91 0.824116
21 92 0.892081
21 93 0.1181
21 94 0.695548
21 95 0.761176
21 96 0.793551
21 97 0.332844
21 98 -0.00210486
21 99 0.756598
21 100 0.0145555
21 101 0.842474
21 102 -0.0246937
21 103 0.705697
22 0 0.75207
22 1 0.79672
22 2 0.853347
22 3 -0.426344
22 4 -0.485992
22 5 0.579138
22 6 0.10899
22 7 0.279072
22 8 0.252363
22 9 0.695749
22 10 0.70017
22 11 -0.799339
22 12 -0.208948
22 13 -0.637552
22 14 -0.887983
22 15 -0.0101569
22 16 -0.275335
22 17 0.880541
22 18 0.0125202
22 19 0.919546
22 20 0.710309
22 21 0.783714
22 22 1
22 23 0.21344
22 24 -0.680082
22 25 -0.201645
22 26 -0.1844
22 27 0.186631
22 28 0.111065
22 29 -0.525031
22 30 0.63012
22 31 0.60789
22 32 0.346787
22 33 0.0740195
22 34 0.134124
22 35 0.80897
22 36 0.848518
22 37 0.296985
22 38 0.919742
22 39 -0.767239
22 40 0.85397
22 41 0.922804
22 42 0.449936
22 43 -0.419458
22 44 0.6181
22 45 0.540457
22 46 -0.510015
22 47 0.535362
22 48 0.28791
22 49 0.32722
22 50 -0.726805
22 51 0.635999
22 52 -0.479713
22 53 0.00875426
22 54 -0.685636
22 55 -0.278318
22 56 0.601719
22 57 -0.249234
22 58 -0.0830787
22 59 -0.67053
22 60 0.79324
22 61 0.739573
22 62 -0.461679
22 63 0.667682
22 64 0.161947
22 65 0.723934
22 66 0.85303
22 67 0.629704
22 68 -0.0790279
22 69 0.323427
22 70 -0.0108034
22 71 0.880889
22 72 0.715037
22 73 -0.304448
22 74 -0.225983
22 75 0.471418
22 76 0.969303
22 77 -0.177755
22 78 0.432202
22 79 0.450219
22 80 0.652312
22 81 0.471044
22 82 0.610118
22 83 -0.268912
22 84 0.814185
22 85 0.602041
22 86 0.830986
22 87 0.743144
22 88 0.0636377
22 89 0.195977
22 90 -0.705714
22 91 0.799489
22 92 0.932053
22 93 -0.410382
22 94 0.850363
22 95 0.706318
22 96 0.791348
22 97 -0.110247
22 98 -0.553499
22 99 0.393513
22 100 -0.520049
22 101 0.689917
22 102 -0.48819
22 103 0.505568
23 0 0.635962
23 1 -0.0498698
23 2 0.387314
23 3 0.60314
23 4 0.431988
23 5 0.664893
23 6 0.80841
23 7 0.861058
23 8 0.901431
23 9 -0.0319404
23 10 -0.0424183
23 11 0.275776
23 12 0.569489
23 13 0.308482
23 14 -0.0820268
23 15 0.655063
23 16 0.558581
23 17 0.0303705
23 18 0.899164
23 19 0.204557
23 20 0.620998
23 21 0.521266
23 22 0.21344
23 23 1
23 24 0.329931
23 25 0.522794
23 26 0.789524
23 27 0.321923
23 28 0.689103
23 29 0.49868
23 30 0.762519
23 31 0.675306
23 32 0.923839
23 33 0.574896
23 34 0.833217
23 35 0.251414
23 36 0.238559
23 37 0.855103
23 38 0.00490266
23 39 0.399671
23 40 0.571207
23 41 0.0310118
23 42 0.823316
23 43 0.581168
23 44 -0.0869992
23 45 0.31876
23 46 0.650386
23 47 0.655413
23 48 0.742217
23 49 0.684058
23 50 0.277291
23 51 0.781365
23 52 0.662367
23 53 0.314472
23 54 0.475707
23 55 0.782941
23 56 0.0116127
23 57 0.684695
23 58 0.859166
23 59 0.48017
23 60 0.646782
23 61 0.595536
23 62 0.608109
23 63 0.640584
23 64 0.811956
23 65 0.303861
23 66 0.602819
23 67 0.704938
23 68 0.644922
23 69 0.867995
23 70 0.694654
23 71 0.0328718
23 72 0.596012
23 73 0.4536
23 74 0.618276
23 75 0.873812
23 76 0.231445
23 77 0.737892
23 78 0.373906
23 79 0.548252
23 80 0.715356
23 81 0.792867
23 82 0.669988
23 83 0.606907
23 84 0.314532
23 85 0.570653
23 86 0.641809
23 87 0.627243
23 88 0.547341
23 89 0.912744
23 90 0.342239
23 91 0.309853
23 92 0.305613
23 93 0.677215
23 94 0.403948
23 95 0.657816
23 96 0.646235
23 97 0.822892
23 98 0.444323
23 99 0.761394
23 100 0.445964
23 101 0.479607
23 102 0.680231
23 103 0.759848
24 0 -0.315053
24 1 -0.686438
24 2 -0.5988
24 3 0.704279
24 4 0.640377
24 5 -0.0431026
24 6 0.431663
24 7 0.175516
24 8 0.285957
24 9 -0.605435
24 10 -0.601898
24 11 0.744915
24 12 0.617119
24 13 0.749176
24 14 0.610266
24 15 0.362113
24 16 0.544736
24 17 -0.663539
24 18 0.484235
24 19 -0.638142
24 20 -0.151609
24 21 -0.373517
24 22 -0.680082
24 23 0.329931
24 24 1
24 25 0.466064
24 26 0.69543
24 27 -0.0101872
24 28 0.349729
24 29 0.704676
24 30 -0.0687206
24 31 -0.170266
24 32 0.152822
24 33 0.29198
24 34 0.377199
24 35 -0.596989
24 36 -0.587786
24 37 0.180443
24 38 -0.74829
24 39 0.804548
24 40 -0.374882
24 41 -0.703508
24 42 0.151165
24 43 0.703736
24 44 -0.716071
24 45 -0.274504
24 46 0.791192
24 47 -0.0837779
24 48 0.0405857
24 49 0.0745218
24 50 0.940496
24 51 -0.105562
24 52 0.771218
24 53 0.158246
24 54 0.870102
24 55 0.682905
24 56 -0.643936
24 57 0.420478
24 58 0.461802
24 59 0.761261
24 60 -0.337569
24 61 -0.321034
24 62 0.740132
24 63 -0.270234
24 64 0.358376
24 65 -0.452578
24 66 -0.434219
24 67 -0.135195
24 68 0.542251
24 69 0.207317
24 70 0.486191
24 71 -0.6814
24 72 -0.360145
24 73 0.541113
24 74 0.59749
24 75 0.036371
24 76 -0.711337
24 77 0.52431
24 78 -0.197192
24 79 -0.0558588
24 80 -0.164495
24 81 0.0745672
24 82 -0.123481
24 83 0.454142
24 84 -0.422054
24 85 -0.00776414
24 86 -0.405571
24 87 -0.336827
24 88 0.256295
24 89 0.261853
24 90 0.804613
24 91 -0.563695
24 92 -0.585118
24 93 0.722094
24 94 -0.593467
24 95 -0.269948
24 96 -0.360748
24 97 0.3552
24 98 0.656388
24 99 0.149303
24 100 0.703182
24 101 -0.3316
24 102 0.819852
24 103 -0.101618
25 0 0.288054
25 1 -0.341866
25 2 -0.130462
25 3 0.727133
25 4 0.729922
25 5 0.532565
25 6 0.498083
25 7 0.415548
25 8 0.597558
25 9 -0.693622
25 10 -0.691927
25 11 0.40624
25 12 0.479559
25 13 0.604449
25 14 0.118773
25 15 0.926026
25 16 0.91913
25 17 -0.165361
25 18 0.728853
25 19 -0.00968384
25 20 0.397306
25 21 0.295106
25 22 -0.201645
25 23 0.522794
25 24 0.466064
25 25 1
25 26 0.721906
25 27 0.402968
25 28 0.745823
25 29 0.514586
25 30 0.489631
25 31 0.0129024
25 32 0.490634
25 33 0.375985
25 34 0.339483
25 35 0.0163684
25 36 -0.114515
25 37 0.635199
25 38 -0.34631
25 39 0.591698
25 40 0.227307
25 41 -0.355577
25 42 0.553414
25 43 0.740131
25 44 -0.056122
25 45 -0.482404
25 46 0.733426
25 47 0.497477
25 48 0.385338
25 49 0.783797
25 50 0.514898
25 51 0.292505
25 52 0.697812
25 53 -0.194309
25 54 0.631473
25 55 0.771338
25 56 -0.12101
