0 WDC
1 NFLX
2 AAPL
3 SRCL
4 CTRX
5 SBAC
6 XLNX
7 NXPI
8 LMCA
9 VRTX
10 SPLS
11 MYL
12 SIAL
13 HSIC
14 CTSH
15 AMZN
16 MAR
17 MAT
18 VRSK
19 VIP
20 BRCM
21 ROST
22 WFM
23 CHKP
24 GRMN
25 ESRX
26 REGN
27 AMAT
28 CHTR
29 KLAC
30 DTV
31 AVGO
32 PCLN
33 CTXS
34 SYMC
35 DISCA
36 PAYX
37 SIRI
38 DISCK
39 FFIV
40 ORLY
41 LVNTA
42 QCOM
43 YHOO
44 VOD
45 MU
46 MDLZ
47 GMCR
48 AMGN
49 FB
50 COST
51 FISV
52 WYNN
53 ADSK
54 MSFT
55 DLTR
56 SNDK
57 FAST
58 BBBY
59 EXPE
60 EXPD
61 LLTC
62 ADP
63 GILD
64 CA
65 ILMN
66 TRIP
67 ADI
68 CHRW
69 TSCO
70 NTAP
71 VIAB
72 BIDU
73 EBAY
74 SBUX
75 CMCSA
76 NVDA
77 ADBE
78 LBTYA
79 TSLA
80 KRFT
81 MXIM
82 DISH
83 PCAR
84 TXN
85 MNST
86 BIIB
87 ATVI
88 CELG
89 GOOG
90 AKAM
91 INTC
92 INTU
93 ALXN
94 STX
95 ISRG
96 EQIX
97 CERN
98 CSCO
99 ALTR
END
0 0 1
0 1 0.306362
0 2 -0.328278
0 3 -0.0385324
0 4 0.863327
0 5 0.724694
0 6 0.734273
0 7 0.617814
0 8 -0.758857
0 9 0.835647
0 10 -0.623957
0 11 0.56041
0 12 0.885573
0 13 0.541512
0 14 0.81945
0 15 -0.150663
0 16 0.846385
0 17 -0.487271
0 18 -0.318194
0 19 -0.311387
0 20 0.841327
0 21 -0.473778
0 22 -0.626245
0 23 0.824721
0 24 -0.0711943
0 25 0.806676
0 26 0.378077
0 27 0.534242
0 28 0.0283996
0 29 0.194778
0 30 0.824874
0 31 0.929181
0 32 0.350711
0 33 0.0716965
0 34 -0.183587
0 35 -0.443772
0 36 -0.204974
0 37 -0.0883928
0 38 -0.456116
0 39 0.726513
0 40 0.655415
0 41 0.432672
0 42 0.555909
0 43 0.188825
0 44 0.453201
0 45 0.661492
0 46 0.188699
0 47 0.574221
0 48 0.7304
0 49 0.794394
0 50 -0.78392
0 51 -0.840337
0 52 0.872628
0 53 0.916246
0 54 -0.481389
0 55 -0.425742
0 56 0.8005
0 57 -0.256119
0 58 -0.651884
0 59 0.683095
0 60 -0.297644
0 61 0.882499
0 62 -0.2172
0 63 0.638901
0 64 0.259183
0 65 0.707315
0 66 0.152414
0 67 0.46169
0 68 -0.304933
0 69 -0.245955
0 70 0.334113
0 71 0.597827
0 72 0.202573
0 73 0.763439
0 74 -0.717138
0 75 0.727401
0 76 0.507985
0 77 0.691222
0 78 0.224208
0 79 0.733167
0 80 0.384164
0 81 0.532362
0 82 0.661903
0 83 0.609094
0 84 0.428092
0 85 0.902476
0 86 0.529549
0 87 0.40705
0 88 -0.00486241
0 89 0.850194
0 90 0.586892
0 91 0.557501
0 92 0.227396
0 93 0.630784
0 94 0.539846
0 95 0.711229
0 96 0.833082
0 97 0.193897
0 98 0.752339
0 99 0.529809
1 0 0.306362
1 1 1
1 2 -0.501214
1 3 -0.356747
1 4 0.55687
1 5 0.746105
1 6 0.640767
1 7 0.845297
1 8 -0.56544
1 9 0.540779
1 10 -0.6682
1 11 0.561671
1 12 0.438276
1 13 0.233765
1 14 0.273633
1 15 -0.808807
1 16 0.527815
1 17 -0.854008
1 18 0.0046721
1 19 -0.824514
1 20 0.631146
1 21 -0.650954
1 22 -0.32676
1 23 0.55567
1 24 0.234136
1 25 0.595979
1 26 0.717435
1 27 0.511637
1 28 -0.281981
1 29 0.2284
1 30 0.471825
1 31 0.569638
1 32 0.639259
1 33 -0.500722
1 34 -0.788057
1 35 -0.40735
1 36 -0.735434
1 37 -0.520602
1 38 -0.363017
1 39 0.772039
1 40 0.777773
1 41 0.638435
1 42 0.458646
1 43 -0.529265
1 44 -0.138154
1 45 0.658549
1 46 -0.541393
1 47 0.818668
1 48 0.622131
1 49 0.745211
1 50 -0.472228
1 51 -0.3538
1 52 0.618823
1 53 0.523305
1 54 0.219678
1 55 -0.678653
1 56 0.4779
1 57 -0.619667
1 58 -0.545498
1 59 0.631377
1 60 -0.805723
1 61 0.231832
1 62 -0.773931
1 63 0.710068
1 64 -0.585691
1 65 0.798899
1 66 0.40116
1 67 0.250315
1 68 -0.781824
1 69 -0.801211
1 70 -0.0612662
1 71 0.138807
1 72 -0.306168
1 73 0.577162
1 74 -0.617031
1 75 0.293911
1 76 0.641667
1 77 0.719132
1 78 -0.452219
1 79 0.798951
1 80 0.0110428
1 81 0.853285
1 82 0.421024
1 83 0.464802
1 84 0.106916
1 85 0.545574
1 86 0.771323
1 87 0.649508
1 88 -0.464442
1 89 0.657893
1 90 0.813932
1 91 -0.397658
1 92 -0.427879
1 93 0.842508
1 94 -0.55291
1 95 0.564675
1 96 0.702843
1 97 0.593431
1 98 0.185969
1 99 0.805161
2 0 -0.328278
2 1 -0.501214
2 2 1
2 3 0.0214545
2 4 -0.428991
2 5 -0.473809
2 6 -0.338188
2 7 -0.398998
2 8 0.686584
2 9 -0.538806
2 10 0.707465
2 11 -0.375844
2 12 -0.284078
2 13 -0.0548761
2 14 -0.11522
2 15 0.54948
2 16 -0.367275
2 17 0.625934
2 18 0.543174
2 19 0.787206
2 20 -0.278755
2 21 0.572253
2 22 0.556059
2 23 -0.513064
2 24 0.157487
2 25 -0.572634
2 26 -0.305357
2 27 -0.0800388
2 28 -0.332203
2 29 0.226718
2 30 -0.350405
2 31 -0.42355
2 32 -0.00441754
2 33 0.614896
2 34 0.439972
2 35 0.578595
2 36 0.613521
2 37 0.172676
2 38 0.557254
2 39 -0.645077
2 40 -0.416727
2 41 -0.0894873
2 42 0.0373903
2 43 0.690992
2 44 0.223809
2 45 -0.338445
2 46 0.621569
2 47 -0.381759
2 48 -0.46055
2 49 -0.496341
2 50 0.575787
2 51 0.43563
2 52 -0.502487
2 53 -0.384899
2 54 0.2937
2 55 0.70616
2 56 -0.202779
2 57 0.710548
2 58 0.66285
2 59 -0.198942
2 60 0.730637
2 61 -0.00916609
2 62 0.590662
2 63 -0.585198
2 64 0.529071
2 65 -0.640231
2 66 0.10992
2 67 0.221923
2 68 0.340817
2 69 0.635502
2 70 -0.207662
2 71 0.16294
2 72 0.563217
2 73 -0.104907
2 74 0.699866
2 75 -0.547266
2 76 -0.207469
2 77 -0.324098
2 78 0.569646
2 79 -0.502277
2 80 0.334059
2 81 -0.589964
2 82 -0.235399
2 83 -0.0881713
2 84 0.342141
2 85 -0.348885
2 86 -0.536672
2 87 -0.151797
2 88 0.741145
2 89 -0.466983
2 90 -0.362152
2 91 0.303951
2 92 0.390851
2 93 -0.529019
2 94 0.221256
2 95 -0.508377
2 96 -0.516771
2 97 -0.152149
2 98 -0.265683
2 99 -0.423054
3 0 -0.0385324
3 1 -0.356747
3 2 0.0214545
3 3 1
3 4 -0.0335412
3 5 -0.0401352
3 6 0.0178049
3 7 -0.111533
3 8 0.0880281
3 9 0.145609
3 10 -0.133163
3 11 0.0961741
3 12 -0.122155
3 13 0.226142
3 14 -0.0674313
3 15 0.163068
3 16 0.0158253
3 17 0.115333
3 18 -0.15622
3 19 0.151285
3 20 -0.234554
3 21 0.0810513
3 22 -0.259566
3 23 -0.0294065
3 24 0.0199763
3 25 0.0841102
3 26 0.112828
3 27 -0.0126476
3 28 0.310788
3 29 0.0836133
3 30 0.0407154
3 31 -0.140236
3 32 -0.10326
3 33 0.00600248
3 34 0.237322
3 35 -0.156947
3 36 0.0557894
3 37 0.490395
3 38 -0.176912
3 39 -0.0379005
3 40 -0.140901
3 41 -0.140513
3 42 0.208216
3 43 -0.180126
3 44 -0.0484351
3 45 -0.168671
3 46 0.0474323
3 47 -0.217098
3 48 0.148882
3 49 -0.269538
3 50 0.18263
3 51 0.191421
3 52 -0.138296
3 53 -0.0140872
3 54 0.0647135
3 55 -0.0533074
3 56 -0.0129941
3 57 0.149123
3 58 -0.159905
3 59 -0.227166
3 60 0.347164
3 61 -0.0808426
3 62 0.276916
3 63 0.171081
3 64 0.398663
3 65 -0.0289689
3 66 -0.0172023
3 67 -0.0804984
3 68 0.540008
3 69 0.0600733
3 70 0.55511
3 71 -0.287322
3 72 -0.238212
3 73 -0.273474
3 74 0.159595
3 75 0.177152
3 76 -0.100142
3 77 -0.108074
3 78 0.016562
3 79 -0.171663
3 80 0.0682149
3 81 -0.0986142
3 82 -0.365795
3 83 -0.110449
3 84 0.0961929
3 85 -0.186145
3 86 0.0928279
3 87 -0.273978
3 88 0.0592407
3 89 -0.0584082
3 90 -0.190845
3 91 -0.0619901
3 92 -0.0700798
3 93 -0.115734
3 94 0.238717
3 95 0.243747
3 96 -0.155199
3 97 0.105822
3 98 0.294291
3 99 -0.00354279
4 0 0.863327
4 1 0.55687
4 2 -0.428991
4 3 -0.0335412
4 4 1
4 5 0.868797
4 6 0.89933
4 7 0.816833
4 8 -0.748394
4 9 0.916362
4 10 -0.745074
4 11 0.760311
4 12 0.870907
4 13 0.671068
4 14 0.818908
4 15 -0.393747
4 16 0.927231
4 17 -0.676374
4 18 -0.218994
4 19 -0.504003
4 20 0.848697
4 21 -0.48228
4 22 -0.667185
4 23 0.917159
4 24 0.0960372
4 25 0.908173
4 26 0.654249
4 27 0.75988
4 28 -0.0615346
4 29 0.446767
4 30 0.875256
4 31 0.924119
4 32 0.579055
4 33 -0.0240611
4 34 -0.39244
4 35 -0.469422
4 36 -0.360864
4 37 -0.0947435
4 38 -0.45607
4 39 0.848609
4 40 0.843539
4 41 0.675764
4 42 0.675191
4 43 -0.0438231
4 44 0.330108
4 45 0.722381
4 46 0.0602603
4 47 0.77204
4 48 0.881256
4 49 0.868104
4 50 -0.660509
4 51 -0.772571
4 52 0.890111
4 53 0.956159
4 54 -0.279312
4 55 -0.531604
4 56 0.897277
4 57 -0.393337
4 58 -0.717443
4 59 0.826578
4 60 -0.439436
4 61 0.793051
4 62 -0.326332
4 63 0.818806
4 64 0.128604
4 65 0.848313
4 66 0.407514
4 67 0.562894
4 68 -0.485232
4 69 -0.416722
4 70 0.202363
4 71 0.572068
4 72 0.0718116
4 73 0.762526
4 74 -0.668672
4 75 0.708664
4 76 0.734351
4 77 0.887474
4 78 0.133222
4 79 0.83438
4 80 0.39972
4 81 0.773525
4 82 0.673916
4 83 0.737818
4 84 0.46452
4 85 0.907179
4 86 0.763306
4 87 0.634584
4 88 -0.0877236
4 89 0.921831
4 90 0.796108
4 91 0.305544
4 92 0.0227414
4 93 0.81494
4 94 0.242279
4 95 0.845327
4 96 0.90808
4 97 0.48043
4 98 0.737121
4 99 0.755753
5 0 0.724694
5 1 0.746105
5 2 -0.473809
5 3 -0.0401352
5 4 0.868797
5 5 1
5 6 0.892918
5 7 0.941386
5 8 -0.763379
5 9 0.871977
5 10 -0.828086
5 11 0.808232
5 12 0.783792
5 13 0.57745
5 14 0.656466
5 15 -0.679435
5 16 0.836447
5 17 -0.863537
5 18 -0.170042
5 19 -0.712758
5 20 0.877637
5 21 -0.704845
5 22 -0.669242
5 23 0.85452
5 24 0.230006
5 25 0.906081
5 26 0.791672
5 27 0.733568
5 28 -0.103009
5 29 0.356111
5 30 0.874536
5 31 0.84568
5 32 0.641889
5 33 -0.260795
5 34 -0.674173
5 35 -0.539983
5 36 -0.614564
5 37 -0.229143
5 38 -0.521056
5 39 0.916135
5 40 0.912419
5 41 0.699499
5 42 0.750297
5 43 -0.27
5 44 0.142578
5 45 0.847307
5 46 -0.162726
5 47 0.891796
5 48 0.908984
5 49 0.90423
5 50 -0.685804
5 51 -0.603381
5 52 0.899359
5 53 0.900196
5 54 -0.0155827
5 55 -0.707656
5 56 0.814893
5 57 -0.51186
5 58 -0.775415
5 59 0.811653
5 60 -0.584629
5 61 0.640781
5 62 -0.577568
5 63 0.879865
5 64 -0.1418
5 65 0.943268
5 66 0.437313
5 67 0.495435
5 68 -0.588726
5 69 -0.705915
5 70 0.188143
5 71 0.425757
5 72 -0.0594997
5 73 0.720899
5 74 -0.748998
5 75 0.629843
5 76 0.793762
5 77 0.897965
5 78 -0.0645136
5 79 0.899189
5 80 0.337767
5 81 0.880537
5 82 0.61066
5 83 0.674928
5 84 0.383204
5 85 0.88126
5 86 0.872909
5 87 0.679106
5 88 -0.239305
5 89 0.942308
5 90 0.886995
5 91 0.0439907
5 92 -0.178742
5 93 0.939803
5 94 -0.0682532
5 95 0.879599
5 96 0.923891
5 97 0.610019
5 98 0.659917
5 99 0.88263
6 0 0.734273
6 1 0.640767
6 2 -0.338188
6 3 0.0178049
6 4 0.89933
6 5 0.892918
6 6 1
6 7 0.910064
6 8 -0.586326
6 9 0.849511
6 10 -0.707456
6 11 0.91069
6 12 0.745164
6 13 0.795468
6 14 0.794415
6 15 -0.501079
6 16 0.938636
6 17 -0.709894
6 18 -0.0217711
6 19 -0.512138
6 20 0.779375
6 21 -0.472794
6 22 -0.617208
6 23 0.872128
6 24 0.434569
6 25 0.810036
6 26 0.852285
6 27 0.886682
6 28 -0.325115
6 29 0.593713
6 30 0.91255
6 31 0.83312
6 32 0.803416
6 33 0.0333524
6 34 -0.471639
6 35 -0.423905
6 36 -0.434743
6 37 -0.0409326
6 38 -0.385353
6 39 0.811642
6 40 0.879524
6 41 0.842132
6 42 0.805843
6 43 -0.152434
6 44 0.40324
6 45 0.716272
6 46 0.0662587
6 47 0.837572
6 48 0.923704
6 49 0.816833
6 50 -0.488409
6 51 -0.554684
6 52 0.832828
6 53 0.888535
6 54 0.0500897
6 55 -0.477245
6 56 0.904893
6 57 -0.277323
6 58 -0.636418
6 59 0.870713
6 60 -0.441083
6 61 0.760292
6 62 -0.316984
6 63 0.851726
6 64 0.108182
6 65 0.86208
6 66 0.653728
6 67 0.654703
6 68 -0.507165
6 69 -0.461515
6 70 0.136389
6 71 0.553386
6 72 0.135608
6 73 0.740146
6 74 -0.587366
6 75 0.470974
6 76 0.910926
6 77 0.925041
6 78 0.139004
6 79 0.889819
6 80 0.572391
6 81 0.860988
6 82 0.546844
6 83 0.850277
6 84 0.638572
6 85 0.835503
6 86 0.883222
6 87 0.70203
6 88 -0.0239477
6 89 0.891879
6 90 0.880884
6 91 0.139917
6 92 0.0671292
6 93 0.860562
6 94 0.0553934
6 95 0.850387
6 96 0.82015
6 97 0.752198
6 98 0.637676
6 99 0.918056
7 0 0.617814
7 1 0.845297
7 2 -0.398998
7 3 -0.111533
7 4 0.816833
7 5 0.941386
7 6 0.910064
7 7 1
7 8 -0.65675
7 9 0.791475
7 10 -0.774894
7 11 0.830963
7 12 0.698581
7 13 0.589745
7 14 0.611134
7 15 -0.721035
7 16 0.817189
7 17 -0.87354
7 18 -0.0303665
7 19 -0.719075
7 20 0.824804
7 21 -0.628892
7 22 -0.545519
7 23 0.802715
7 24 0.363948
7 25 0.814301
7 26 0.877498
7 27 0.784594
7 28 -0.291063
7 29 0.460045
7 30 0.809105
7 31 0.802344
7 32 0.786951
7 33 -0.239032
7 34 -0.718844
7 35 -0.460533
7 36 -0.639755
7 37 -0.288086
7 38 -0.429292
7 39 0.877665
7 40 0.947245
7 41 0.826415
7 42 0.769707
7 43 -0.31022
7 44 0.135341
7 45 0.826215
7 46 -0.191727
7 47 0.943654
7 48 0.865786
7 49 0.880661
7 50 -0.535553
7 51 -0.507065
7 52 0.840442
7 53 0.836352
7 54 0.136913
7 55 -0.64202
7 56 0.819047
7 57 -0.462725
7 58 -0.684306
7 59 0.863648
7 60 -0.629449
7 61 0.598304
7 62 -0.594342
7 63 0.853738
7 64 -0.191883
7 65 0.924483
7 66 0.587599
7 67 0.555813
7 68 -0.704042
7 69 -0.699161
7 70 0.0896467
7 71 0.40511
7 72 -0.0481329
7 73 0.742073
7 74 -0.649733
7 75 0.481224
7 76 0.86029
7 77 0.934523
7 78 -0.105343
7 79 0.926166
7 80 0.370884
7 81 0.92341
7 82 0.555111
7 83 0.752424
7 84 0.430079
7 85 0.80873
7 86 0.906094
7 87 0.76919
7 88 -0.227747
7 89 0.891699
7 90 0.960386
7 91 -0.0830337
7 92 -0.191104
7 93 0.956132
7 94 -0.230854
7 95 0.825691
7 96 0.864357
7 97 0.72561
7 98 0.552205
7 99 0.952596
8 0 -0.758857
8 1 -0.56544
8 2 0.686584
8 3 0.0880281
8 4 -0.748394
8 5 -0.763379
8 6 -0.586326
8 7 -0.65675
8 8 1
8 9 -0.837449
8 10 0.89043
8 11 -0.450761
8 12 -0.688825
8 13 -0.173993
8 14 -0.409804
8 15 0.538166
8 16 -0.627708
8 17 0.782596
8 18 0.630506
8 19 0.75067
8 20 -0.757738
8 21 0.804615
8 22 0.750425
8 23 -0.728207
8 24 0.300998
8 25 -0.884897
8 26 -0.391174
8 27 -0.270946
8 28 -0.257049
8 29 0.160455
8 30 -0.664183
8 31 -0.831598
8 32 -0.166748
8 33 0.495459
8 34 0.521469
8 35 0.740419
8 36 0.659179
8 37 0.306113
8 38 0.751945
8 39 -0.891827
8 40 -0.696802
8 41 -0.238017
8 42 -0.373691
8 43 0.318262
8 44 0.104452
8 45 -0.732622
8 46 0.399225
8 47 -0.653127
8 48 -0.697117
8 49 -0.803408
8 50 0.919215
8 51 0.763641
8 52 -0.848616
8 53 -0.787906
8 54 0.472954
8 55 0.842323
8 56 -0.558816
8 57 0.694714
8 58 0.905069
8 59 -0.498864
8 60 0.702164
8 61 -0.462163
8 62 0.705001
8 63 -0.747783
8 64 0.311981
8 65 -0.853064
8 66 0.0822034
8 67 -0.0457956
8 68 0.50817
8 69 0.700355
8 70 -0.438183
8 71 -0.114833
8 72 0.351453
8 73 -0.584682
8 74 0.90064
8 75 -0.843141
8 76 -0.337996
8 77 -0.603158
8 78 0.353197
8 79 -0.76575
8 80 0.13863
8 81 -0.660821
8 82 -0.519994
8 83 -0.284812
8 84 0.089333
8 85 -0.763856
8 86 -0.630713
8 87 -0.321604
8 88 0.547752
8 89 -0.803509
8 90 -0.62014
8 91 -0.0598491
8 92 0.347633
8 93 -0.733599
8 94 -0.102308
8 95 -0.777305
8 96 -0.877196
8 97 -0.0953171
8 98 -0.646962
8 99 -0.538217
9 0 0.835647
9 1 0.540779
9 2 -0.538806
9 3 0.145609
9 4 0.916362
9 5 0.871977
9 6 0.849511
9 7 0.791475
9 8 -0.837449
9 9 1
9 10 -0.846332
9 11 0.719107
9 12 0.811756
9 13 0.592566
9 14 0.713237
9 15 -0.411215
9 16 0.884785
9 17 -0.710086
9 18 -0.40291
9 19 -0.583686
9 20 0.8086
9 21 -0.601545
9 22 -0.745626
9 23 0.908774
9 24 0.00454972
9 25 0.960302
9 26 0.647486
9 27 0.621421
9 28 0.112659
9 29 0.300563
9 30 0.871888
9 31 0.897347
9 32 0.455827
9 33 -0.164268
9 34 -0.39532
9 35 -0.565176
9 36 -0.452198
9 37 -0.0358416
9 38 -0.562428
9 39 0.910944
9 40 0.805724
9 41 0.538891
9 42 0.67005
9 43 -0.211443
9 44 0.228538
9 45 0.69371
9 46 -0.111471
9 47 0.728186
9 48 0.906111
9 49 0.818599
9 50 -0.730023
9 51 -0.761715
9 52 0.888326
9 53 0.927872
9 54 -0.289596
9 55 -0.685178
9 56 0.812041
9 57 -0.470838
9 58 -0.833371
9 59 0.711858
9 60 -0.47509
9 61 0.69806
9 62 -0.398809
9 63 0.907255
9 64 0.0676006
9 65 0.897911
9 66 0.255963
9 67 0.404966
9 68 -0.392758
9 69 -0.521697
9 70 0.470829
9 71 0.395092
9 72 -0.106099
9 73 0.696605
9 74 -0.738813
9 75 0.820659
9 76 0.622311
9 77 0.790829
9 78 -0.0262701
9 79 0.830479
9 80 0.276244
9 81 0.761115
9 82 0.607601
9 83 0.600069
9 84 0.359964
9 85 0.877499
9 86 0.793546
9 87 0.517324
9 88 -0.234652
9 89 0.917372
9 90 0.750489
9 91 0.196771
9 92 -0.0956266
9 93 0.808767
9 94 0.243949
9 95 0.924649
9 96 0.895486
9 97 0.415512
9 98 0.838259
9 99 0.760228
10 0 -0.623957
10 1 -0.6682
10 2 0.707465
10 3 -0.133163
10 4 -0.745074
10 5 -0.828086
10 6 -0.707456
10 7 -0.774894
10 8 0.89043
10 9 -0.846332
10 10 1
10 11 -0.646175
10 12 -0.554242
10 13 -0.318248
10 14 -0.341755
10 15 0.686988
10 16 -0.668993
10 17 0.887773
10 18 0.503723
10 19 0.838327
10 20 -0.657311
10 21 0.838521
10 22 0.827893
10 23 -0.723126
10 24 0.0296818
10 25 -0.890831
10 26 -0.639935
10 27 -0.412866
10 28 -0.116403
10 29 0.00702499
10 30 -0.702073
10 31 -0.73999
10 32 -0.381951
10 33 0.56106
10 34 0.632959
10 35 0.838085
10 36 0.811471
10 37 0.21755
10 38 0.826781
10 39 -0.927911
10 40 -0.76715
10 41 -0.389543
10 42 -0.522044
10 43 0.567143
10 44 0.171325
10 45 -0.745595
10 46 0.492152
10 47 -0.718483
10 48 -0.820883
10 49 -0.752438
10 50 0.75423
10 51 0.557652
10 52 -0.785975
10 53 -0.761224
10 54 0.199444
10 55 0.917051
10 56 -0.581368
10 57 0.688002
10 58 0.962141
10 59 -0.511654
10 60 0.736802
10 61 -0.370381
10 62 0.74163
10 63 -0.878494
10 64 0.344806
10 65 -0.93225
10 66 -0.146676
10 67 -0.0647824
10 68 0.480305
10 69 0.826533
10 70 -0.45656
10 71 0.0328093
10 72 0.467376
10 73 -0.495005
10 74 0.851633
10 75 -0.707629
10 76 -0.504484
10 77 -0.691397
10 78 0.449568
10 79 -0.822412
10 80 0.0451751
10 81 -0.801993
10 82 -0.304982
10 83 -0.36002
10 84 -0.000197448
10 85 -0.669502
10 86 -0.828042
10 87 -0.347934
10 88 0.594994
10 89 -0.792856
10 90 -0.711145
10 91 0.209782
10 92 0.438571
10 93 -0.80937
10 94 0.113262
10 95 -0.887313
10 96 -0.816901
10 97 -0.38818
10 98 -0.579523
10 99 -0.709649
11 0 0.56041
11 1 0.561671
11 2 -0.375844
11 3 0.0961741
11 4 0.760311
11 5 0.808232
11 6 0.91069
11 7 0.830963
11 8 -0.450761
11 9 0.719107
11 10 -0.646175
11 11 1
11 12 0.520921
11 13 0.819131
11 14 0.683722
11 15 -0.527057
11 16 0.834378
11 17 -0.680858
11 18 0.00297796
11 19 -0.511113
11 20 0.577811
11 21 -0.406626
11 22 -0.58391
11 23 0.760601
11 24 0.625262
11 25 0.676587
11 26 0.878398
11 27 0.834912
11 28 -0.368187
11 29 0.587551
11 30 0.857182
11 31 0.64738
11 32 0.806411
11 33 -0.00707799
11 34 -0.527791
11 35 -0.408069
11 36 -0.470445
11 37 0.0994089
11 38 -0.356202
11 39 0.686479
11 40 0.786551
11 41 0.829355
11 42 0.715913
11 43 -0.265487
11 44 0.391857
11 45 0.672904
11 46 0.0555316
11 47 0.757913
11 48 0.850664
11 49 0.695962
11 50 -0.325401
11 51 -0.330014
11 52 0.706782
11 53 0.750991
11 54 0.164616
11 55 -0.422493
11 56 0.831392
11 57 -0.205691
11 58 -0.593432
11 59 0.767599
11 60 -0.434968
11 61 0.585579
11 62 -0.277056
11 63 0.776804
11 64 0.0596499
11 65 0.779947
11 66 0.750472
11 67 0.563766
11 68 -0.448273
11 69 -0.45821
11 70 0.0355661
11 71 0.413291
11 72 0.106914
11 73 0.540409
11 74 -0.484364
11 75 0.295334
11 76 0.909586
11 77 0.825513
11 78 0.121814
11 79 0.791484
11 80 0.600214
11 81 0.82252
11 82 0.36844
11 83 0.805603
11 84 0.576355
11 85 0.680403
11 86 0.898868
11 87 0.637217
11 88 -0.0687264
11 89 0.772775
11 90 0.80132
11 91 -0.00731001
11 92 0.12268
11 93 0.787938
11 94 -0.0685574
11 95 0.790827
11 96 0.657633
11 97 0.834184
11 98 0.484131
11 99 0.87612
12 0 0.885573
12 1 0.438276
12 2 -0.284078
12 3 -0.122155
12 4 0.870907
12 5 0.783792
12 6 0.745164
12 7 0.698581
12 8 -0.688825
12 9 0.811756
12 10 -0.554242
12 11 0.520921
12 12 1
12 13 0.547976
12 14 0.813385
12 15 -0.248643
12 16 0.809641
12 17 -0.505923
12 18 -0.183542
12 19 -0.36166
12 20 0.913961
12 21 -0.421365
12 22 -0.523874
12 23 0.845391
12 24 -0.0891489
12 25 0.828328
12 26 0.435904
12 27 0.617396
12 28 0.0659824
12 29 0.32518
12 30 0.784508
12 31 0.893738
12 32 0.397658
12 33 0.0516754
12 34 -0.242863
12 35 -0.289283
12 36 -0.176407
12 37 -0.194514
12 38 -0.300101
12 39 0.735722
12 40 0.721386
12 41 0.532326
12 42 0.624079
12 43 0.193612
12 44 0.356196
12 45 0.66581
12 46 0.168186
12 47 0.665717
12 48 0.742098
12 49 0.81946
12 50 -0.690251
12 51 -0.802493
12 52 0.861949
12 53 0.896692
12 54 -0.323691
12 55 -0.393191
12 56 0.7966
12 57 -0.287847
12 58 -0.551368
12 59 0.774091
12 60 -0.287962
12 61 0.842023
12 62 -0.237788
12 63 0.646872
12 64 0.213163
12 65 0.709675
12 66 0.213494
12 67 0.586679
12 68 -0.399427
12 69 -0.284629
12 70 0.198223
12 71 0.702618
12 72 0.25372
12 73 0.763557
12 74 -0.618402
12 75 0.739215
12 76 0.561946
12 77 0.751404
12 78 0.247671
12 79 0.719706
12 80 0.37163
12 81 0.592883
12 82 0.781846
12 83 0.644119
12 84 0.475589
12 85 0.911619
12 86 0.533323
12 87 0.605463
12 88 0.0885715
12 89 0.862952
12 90 0.664009
12 91 0.509797
12 92 0.0774214
12 93 0.709735
12 94 0.357422
12 95 0.694504
12 96 0.882435
12 97 0.271541
12 98 0.758439
12 99 0.608744
13 0 0.541512
13 1 0.233765
13 2 -0.0548761
13 3 0.226142
13 4 0.671068
13 5 0.57745
13 6 0.795468
13 7 0.589745
13 8 -0.173993
13 9 0.592566
13 10 -0.318248
13 11 0.819131
13 12 0.547976
13 13 1
13 14 0.773732
13 15 -0.10842
13 16 0.778189
13 17 -0.2957
13 18 0.129124
13 19 -0.100872
13 20 0.486825
13 21 -0.0491353
13 22 -0.444382
13 23 0.66453
13 24 0.569837
13 25 0.505172
13 26 0.688421
13 27 0.821388
13 28 -0.358065
13 29 0.742255
13 30 0.768643
13 31 0.51162
13 32 0.73415
13 33 0.346231
13 34 -0.103965
13 35 -0.125649
13 36 -0.0432897
13 37 0.385766
13 38 -0.0916127
13 39 0.423491
13 40 0.588448
13 41 0.760555
13 42 0.72442
13 43 0.111561
13 44 0.6396
13 45 0.461521
13 46 0.416254
13 47 0.529914
13 48 0.745485
13 49 0.473829
13 50 -0.100594
13 51 -0.250756
13 52 0.532253
13 53 0.648383
13 54 0.130524
13 55 -0.0479391
13 56 0.819946
13 57 0.133827
13 58 -0.308582
13 59 0.692842
13 60 -0.0327887
13 61 0.681495
13 62 0.161051
13 63 0.551827
13 64 0.510066
13 65 0.49727
13 66 0.75884
13 67 0.701763
13 68 -0.192432
13 69 -0.0359478
13 70 0.0455455
13 71 0.612722
13 72 0.438554
13 73 0.453323
13 74 -0.165687
13 75 0.226736
13 76 0.796881
13 77 0.666504
13 78 0.468801
13 79 0.545095
13 80 0.772399
13 81 0.572002
13 82 0.352139
13 83 0.819461
13 84 0.812884
13 85 0.570061
13 86 0.663747
13 87 0.585183
13 88 0.354322
13 89 0.621867
13 90 0.598423
13 91 0.261815
13 92 0.393007
13 93 0.527435
13 94 0.242925
13 95 0.619694
13 96 0.482525
13 97 0.72043
13 98 0.525558
13 99 0.668677
14 0 0.81945
14 1 0.273633
14 2 -0.11522
14 3 -0.0674313
14 4 0.818908
14 5 0.656466
14 6 0.794415
14 7 0.611134
14 8 -0.409804
14 9 0.713237
14 10 -0.341755
14 11 0.683722
14 12 0.813385
14 13 0.773732
14 14 1
14 15 -0.0585922
14 16 0.882012
14 17 -0.313944
14 18 0.0645833
14 19 -0.0932911
14 20 0.722496
14 21 -0.114926
14 22 -0.356877
14 23 0.799695
14 24 0.27756
14 25 0.625446
14 26 0.506551
14 27 0.779363
14 28 -0.240487
14 29 0.631354
14 30 0.812667
14 31 0.782096
14 32 0.564646
14 33 0.416583
14 34 -0.0998355
14 35 -0.0508403
14 36 0.0743778
14 37 0.0653997
14 38 -0.0321684
14 39 0.535351
14 40 0.617241
14 41 0.686225
14 42 0.623313
14 43 0.310569
14 44 0.748281
14 45 0.47079
14 46 0.482554
14 47 0.546817
14 48 0.68519
14 49 0.691702
14 50 -0.41114
14 51 -0.671204
14 52 0.735499
14 53 0.819004
14 54 -0.174337
14 55 -0.0967572
14 56 0.87088
14 57 0.0170547
14 58 -0.334272
14 59 0.792937
14 60 -0.0781495
14 61 0.90809
14 62 0.116449
14 63 0.559171
14 64 0.47137
14 65 0.554339
14 66 0.493531
14 67 0.75475
14 68 -0.246645
14 69 0.00869157
14 70 0.0327608
14 71 0.853926
14 72 0.476194
14 73 0.747832
14 74 -0.384086
14 75 0.451077
14 76 0.719336
14 77 0.727379
14 78 0.534227
14 79 0.635609
14 80 0.69617
14 81 0.509843
14 82 0.737144
14 83 0.818534
14 84 0.73867
14 85 0.828055
14 86 0.526643
14 87 0.605258
14 88 0.309735
14 89 0.764351
14 90 0.602937
14 91 0.614323
14 92 0.494525
14 93 0.580798
14 94 0.474026
14 95 0.5807
14 96 0.670094
14 97 0.476553
14 98 0.661231
14 99 0.61112
15 0 -0.150663
15 1 -0.808807
15 2 0.54948
15 3 0.163068
15 4 -0.393747
15 5 -0.679435
15 6 -0.501079
15 7 -0.721035
15 8 0.538166
15 9 -0.411215
15 10 0.686988
15 11 -0.527057
15 12 -0.248643
15 13 -0.10842
15 14 -0.0585922
15 15 1
15 16 -0.323649
15 17 0.902224
15 18 0.17576
15 19 0.863452
15 20 -0.455623
15 21 0.645694
15 22 0.396859
15 23 -0.36584
15 24 -0.237846
15 25 -0.51215
15 26 -0.697214
15 27 -0.422741
15 28 0.14653
15 29 -0.0713461
15 30 -0.416232
15 31 -0.391159
15 32 -0.472448
15 33 0.64883
15 34 0.92753
15 35 0.482813
15 36 0.857423
15 37 0.415309
15 38 0.446399
15 39 -0.649268
15 40 -0.705085
15 41 -0.508818
15 42 -0.40636
15 43 0.647146
15 44 0.363552
15 45 -0.625379
15 46 0.609371
15 47 -0.770128
15 48 -0.501413
15 49 -0.632325
15 50 0.377503
15 51 0.147344
15 52 -0.549182
15 53 -0.405403
15 54 -0.280338
15 55 0.681224
15 56 -0.336791
15 57 0.63435
15 58 0.576726
15 59 -0.473487
15 60 0.780554
15 61 0.0202732
15 62 0.834514
15 63 -0.582057
15 64 0.680348
15 65 -0.715791
15 66 -0.369304
15 67 -0.0664032
15 68 0.716016
15 69 0.896537
15 70 0.117168
15 71 0.116194
15 72 0.432159
15 73 -0.271499
15 74 0.567612
15 75 -0.260104
15 76 -0.556586
15 77 -0.596064
15 78 0.501306
15 79 -0.645015
15 80 0.118289
15 81 -0.774027
15 82 -0.237211
15 83 -0.311861
15 84 0.143668
15 85 -0.373716
15 86 -0.713767
15 87 -0.547579
15 88 0.602443
15 89 -0.560527
15 90 -0.714714
15 91 0.556849
15 92 0.607812
15 93 -0.786354
15 94 0.678988
15 95 -0.544385
15 96 -0.564548
15 97 -0.570263
15 98 -0.164814
15 99 -0.703793
16 0 0.846385
16 1 0.527815
16 2 -0.367275
16 3 0.0158253
16 4 0.927231
16 5 0.836447
16 6 0.938636
16 7 0.817189
16 8 -0.627708
16 9 0.884785
16 10 -0.668993
16 11 0.834378
16 12 0.809641
16 13 0.778189
16 14 0.882012
16 15 -0.323649
16 16 1
16 17 -0.608435
16 18 -0.115442
16 19 -0.402252
16 20 0.802532
16 21 -0.41177
16 22 -0.591175
16 23 0.892851
16 24 0.308168
16 25 0.82028
16 26 0.703942
16 27 0.8175
16 28 -0.208124
16 29 0.54797
16 30 0.92324
16 31 0.885416
16 32 0.68046
16 33 0.128601
16 34 -0.329915
16 35 -0.366566
16 36 -0.287919
16 37 -0.0382861
16 38 -0.337701
16 39 0.790322
16 40 0.819798
16 41 0.742664
16 42 0.706379
16 43 -0.0217966
16 44 0.551163
16 45 0.648518
16 46 0.145641
16 47 0.739129
16 48 0.881124
16 49 0.821054
16 50 -0.575452
16 51 -0.690656
16 52 0.870185
16 53 0.922098
16 54 -0.177615
16 55 -0.424422
16 56 0.909936
16 57 -0.22771
16 58 -0.62199
16 59 0.836266
16 60 -0.379516
16 61 0.842959
16 62 -0.216438
16 63 0.817026
16 64 0.221539
16 65 0.824691
16 66 0.509377
16 67 0.638749
16 68 -0.437167
16 69 -0.321383
16 70 0.218835
16 71 0.62128
16 72 0.178445
16 73 0.795355
16 74 -0.623494
16 75 0.569183
16 76 0.80518
16 77 0.879271
16 78 0.222388
16 79 0.855317
16 80 0.574313
16 81 0.7509
16 82 0.629082
16 83 0.850959
16 84 0.626857
16 85 0.878433
16 86 0.781162
16 87 0.616477
16 88 0.0276132
16 89 0.902858
16 90 0.793343
16 91 0.317914
16 92 0.230084
16 93 0.779669
16 94 0.27319
16 95 0.820055
16 96 0.832406
16 97 0.585005
16 98 0.717301
16 99 0.807387
17 0 -0.487271
17 1 -0.854008
17 2 0.625934
17 3 0.115333
17 4 -0.676374
17 5 -0.863537
17 6 -0.709894
17 7 -0.87354
17 8 0.782596
17 9 -0.710086
17 10 0.887773
17 11 -0.680858
17 12 -0.505923
17 13 -0.2957
17 14 -0.313944
17 15 0.902224
17 16 -0.608435
17 17 1
17 18 0.308796
17 19 0.902454
17 20 -0.697177
17 21 0.783345
17 22 0.606766
17 23 -0.628439
17 24 -0.149847
17 25 -0.778884
17 26 -0.764642
17 27 -0.536482
17 28 0.102235
17 29 -0.116759
17 30 -0.659963
17 31 -0.68765
17 32 -0.561496
17 33 0.595098
17 34 0.880452
17 35 0.653291
17 36 0.865519
17 37 0.378973
17 38 0.628424
17 39 -0.870624
17 40 -0.870345
17 41 -0.584857
17 42 -0.568475
17 43 0.549214
17 44 0.195952
17 45 -0.809164
17 46 0.53637
17 47 -0.88202
17 48 -0.741461
17 49 -0.840875
17 50 0.636858
17 51 0.447049
17 52 -0.792287
17 53 -0.697083
17 54 -0.0288218
17 55 0.82648
17 56 -0.591242
17 57 0.686647
17 58 0.809445
17 59 -0.642615
17 60 0.824197
17 61 -0.289933
17 62 0.838999
17 63 -0.803245
17 64 0.512402
17 65 -0.920594
17 66 -0.357154
17 67 -0.18939
17 68 0.734669
17 69 0.909966
17 70 -0.121529
17 71 -0.0408572
17 72 0.378655
17 73 -0.537184
17 74 0.778023
17 75 -0.526973
17 76 -0.650736
17 77 -0.780663
17 78 0.428912
17 79 -0.852428
17 80 0.00350015
17 81 -0.890638
17 82 -0.394719
17 83 -0.464888
17 84 -0.00955504
17 85 -0.652081
17 86 -0.860721
17 87 -0.594737
17 88 0.578443
17 89 -0.807048
17 90 -0.851535
17 91 0.353151
17 92 0.484422
17 93 -0.922279
17 94 0.40195
17 95 -0.778309
17 96 -0.804838
17 97 -0.563347
17 98 -0.42232
17 99 -0.817708
18 0 -0.318194
18 1 0.0046721
18 2 0.543174
18 3 -0.15622
18 4 -0.218994
18 5 -0.170042
18 6 -0.0217711
18 7 -0.0303665
18 8 0.630506
18 9 -0.40291
18 10 0.503723
18 11 0.00297796
18 12 -0.183542
18 13 0.129124
18 14 0.0645833
18 15 0.17576
18 16 -0.115442
18 17 0.308796
18 18 1
18 19 0.364946
18 20 -0.183478
18 21 0.369572
18 22 0.513206
18 23 -0.221242
18 24 0.534928
18 25 -0.419724
18 26 0.0642962
18 27 0.206083
18 28 -0.673665
18 29 0.457951
18 30 -0.233434
18 31 -0.283343
18 32 0.350631
18 33 0.452527
18 34 0.135013
18 35 0.524948
18 36 0.391263
18 37 -0.0844809
18 38 0.561652
18 39 -0.368794
18 40 -0.18203
18 41 0.262251
18 42 0.0589257
18 43 0.229213
18 44 0.299817
18 45 -0.273046
18 46 0.398506
18 47 -0.125108
18 48 -0.207837
18 49 -0.219274
18 50 0.544876
18 51 0.347828
18 52 -0.367725
18 53 -0.262471
18 54 0.628656
18 55 0.460926
18 56 -0.0551346
18 57 0.481437
18 58 0.582761
18 59 0.0312367
18 60 0.378634
18 61 0.0729309
18 62 0.401241
18 63 -0.226628
18 64 0.203707
18 65 -0.325111
18 66 0.379772
18 67 0.43216
18 68 0.135062
18 69 0.31641
18 70 -0.497839
18 71 0.303936
18 72 0.378987
18 73 0.0454076
18 74 0.470738
18 75 -0.645516
18 76 0.196859
18 77 -0.0292297
18 78 0.315407
18 79 -0.195886
18 80 0.4447
18 81 -0.124379
18 82 -0.0641925
18 83 0.163856
18 84 0.480376
18 85 -0.191878
18 86 -0.141675
18 87 0.123161
18 88 0.530098
18 89 -0.272029
18 90 -0.081022
18 91 0.0679452
18 92 0.343103
18 93 -0.159908
18 94 -0.190243
18 95 -0.371881
18 96 -0.33635
18 97 0.343745
18 98 -0.44556
18 99 0.0257095
19 0 -0.311387
19 1 -0.824514
19 2 0.787206
19 3 0.151285
19 4 -0.504003
19 5 -0.712758
19 6 -0.512138
19 7 -0.719075
19 8 0.75067
19 9 -0.583686
19 10 0.838327
19 11 -0.511113
19 12 -0.36166
19 13 -0.100872
19 14 -0.0932911
19 15 0.863452
19 16 -0.402252
19 17 0.902454
19 18 0.364946
19 19 1
19 20 -0.506757
19 21 0.808774
19 22 0.589452
19 23 -0.546207
19 24 -0.0151677
19 25 -0.683049
19 26 -0.603056
19 27 -0.265534
19 28 -0.0500433
19 29 0.116594
19 30 -0.45587
19 31 -0.515081
19 32 -0.341362
19 33 0.766002
19 34 0.799384
19 35 0.694003
19 36 0.900904
19 37 0.366886
19 38 0.671127
19 39 -0.814878
19 40 -0.68099
19 41 -0.354978
19 42 -0.297472
19 43 0.735476
19 44 0.389459
19 45 -0.684914
19 46 0.720633
19 47 -0.707364
19 48 -0.618687
19 49 -0.678906
19 50 0.598364
19 51 0.330773
19 52 -0.623222
19 53 -0.503759
19 54 -0.0402007
19 55 0.877609
19 56 -0.366066
19 57 0.810082
19 58 0.775448
19 59 -0.412832
19 60 0.899612
19 61 -0.0613807
19 62 0.890305
19 63 -0.726348
19 64 0.689898
19 65 -0.825623
19 66 -0.148764
19 67 0.0758853
19 68 0.636378
19 69 0.94248
19 70 -0.154364
19 71 0.149911
19 72 0.538986
19 73 -0.32066
19 74 0.753208
19 75 -0.49523
19 76 -0.441341
19 77 -0.552745
19 78 0.660497
19 79 -0.724831
19 80 0.248882
19 81 -0.823794
19 82 -0.27266
19 83 -0.216764
19 84 0.219406
19 85 -0.475527
19 86 -0.760063
19 87 -0.414225
19 88 0.732111
19 89 -0.624839
19 90 -0.669202
19 91 0.48207
19 92 0.618466
19 93 -0.793501
19 94 0.52912
19 95 -0.649829
19 96 -0.690121
19 97 -0.402323
19 98 -0.255241
19 99 -0.671967
20 0 0.841327
20 1 0.631146
20 2 -0.278755
20 3 -0.234554
20 4 0.848697
20 5 0.877637
20 6 0.779375
20 7 0.824804
20 8 -0.757738
20 9 0.8086
20 10 -0.657311
20 11 0.577811
20 12 0.913961
20 13 0.486825
20 14 0.722496
20 15 -0.455623
20 16 0.802532
20 17 -0.697177
20 18 -0.183478
20 19 -0.506757
20 20 1
20 21 -0.588207
20 22 -0.526432
20 23 0.795887
20 24 0.00786935
20 25 0.840814
20 26 0.549775
20 27 0.639614
20 28 -0.061507
20 29 0.286626
20 30 0.809347
20 31 0.919414
20 32 0.526974
20 33 -0.100236
20 34 -0.486284
20 35 -0.380233
20 36 -0.398738
20 37 -0.33294
20 38 -0.386459
20 39 0.817454
20 40 0.851608
20 41 0.616098
20 42 0.704161
20 43 0.0883559
20 44 0.241594
20 45 0.818686
20 46 0.00114496
20 47 0.824565
20 48 0.770267
20 49 0.909662
20 50 -0.756469
20 51 -0.756327
20 52 0.916666
20 53 0.9062
20 54 -0.233499
20 55 -0.533774
20 56 0.808561
20 57 -0.390449
20 58 -0.638068
20 59 0.838904
20 60 -0.460757
20 61 0.777103
20 62 -0.475884
20 63 0.697386
20 64 0.000973909
20 65 0.812839
20 66 0.291834
20 67 0.551544
20 68 -0.607712
20 69 -0.492272
20 70 0.169222
20 71 0.602058
20 72 0.170111
20 73 0.841215
20 74 -0.704359
20 75 0.678779
20 76 0.639287
20 77 0.83165
20 78 0.103405
20 79 0.823539
20 80 0.336019
20 81 0.699593
20 82 0.756264
20 83 0.659179
20 84 0.411265
20 85 0.938795
20 86 0.64113
20 87 0.687546
20 88 -0.058645
20 89 0.915262
20 90 0.808258
20 91 0.313751
20 92 -0.0519676
20 93 0.822975
20 94 0.158225
20 95 0.730382
20 96 0.934903
20 97 0.351844
20 98 0.69007
20 99 0.703715
21 0 -0.473778
21 1 -0.650954
21 2 0.572253
21 3 0.0810513
21 4 -0.48228
21 5 -0.704845
21 6 -0.472794
21 7 -0.628892
21 8 0.804615
21 9 -0.601545
21 10 0.838521
21 11 -0.406626
21 12 -0.421365
21 13 -0.0491353
21 14 -0.114926
21 15 0.645694
21 16 -0.41177
21 17 0.783345
21 18 0.369572
21 19 0.808774
21 20 -0.588207
21 21 1
21 22 0.71866
21 23 -0.502327
21 24 0.0981362
21 25 -0.698165
21 26 -0.406421
21 27 -0.122991
21 28 -0.0490578
21 29 0.309764
21 30 -0.489092
21 31 -0.567935
21 32 -0.231929
21 33 0.648941
21 34 0.608467
21 35 0.846977
21 36 0.822529
21 37 0.381036
21 38 0.837216
21 39 -0.800485
21 40 -0.553806
21 41 -0.146472
21 42 -0.330649
21 43 0.53383
21 44 0.285882
21 45 -0.712037
21 46 0.576527
21 47 -0.556492
21 48 -0.624008
21 49 -0.621891
21 50 0.811192
21 51 0.404888
21 52 -0.612116
21 53 -0.549155
21 54 0.121843
21 55 0.918581
21 56 -0.318159
21 57 0.64741
21 58 0.833216
21 59 -0.2825
21 60 0.732473
21 61 -0.249648
21 62 0.828381
21 63 -0.704141
21 64 0.5361
21 65 -0.785944
21 66 0.0762456
21 67 0.0908509
21 68 0.415278
21 69 0.865244
21 70 -0.413215
21 71 0.149357
21 72 0.462535
21 73 -0.450592
21 74 0.862837
21 75 -0.508217
21 76 -0.303404
21 77 -0.450512
21 78 0.588287
21 79 -0.69937
21 80 0.198841
21 81 -0.630985
21 82 -0.181421
21 83 -0.0913844
21 84 0.112876
21 85 -0.550689
21 86 -0.632378
21 87 -0.132451
21 88 0.577872
21 89 -0.601088
21 90 -0.51416
21 91 0.258903
21 92 0.465533
21 93 -0.642873
21 94 0.197755
21 95 -0.665456
21 96 -0.693612
21 97 -0.193531
21 98 -0.302933
21 99 -0.507712
22 0 -0.626245
22 1 -0.32676
22 2 0.556059
22 3 -0.259566
22 4 -0.667185
22 5 -0.669242
22 6 -0.617208
22 7 -0.545519
22 8 0.750425
22 9 -0.745626
22 10 0.827893
22 11 -0.58391
22 12 -0.523874
22 13 -0.444382
22 14 -0.356877
22 15 0.396859
22 16 -0.591175
22 17 0.606766
22 18 0.513206
22 19 0.589452
22 20 -0.526432
22 21 0.71866
22 22 1
22 23 -0.662609
22 24 0.0322394
22 25 -0.794239
22 26 -0.432136
22 27 -0.314065
22 28 -0.151312
22 29 0.081896
22 30 -0.698559
22 31 -0.608711
22 32 -0.236628
22 33 0.3512
22 34 0.300926
22 35 0.866732
22 36 0.600683
22 37 -0.156424
22 38 0.857927
22 39 -0.742886
22 40 -0.547934
22 41 -0.21307
22 42 -0.458692
22 43 0.355179
22 44 0.0319025
22 45 -0.645156
22 46 0.219055
22 47 -0.471991
22 48 -0.782807
22 49 -0.541488
22 50 0.685409
22 51 0.422958
22 52 -0.645789
22 53 -0.671285
22 54 0.281137
22 55 0.712259
22 56 -0.523999
22 57 0.464216
22 58 0.857394
22 59 -0.348303
22 60 0.485031
22 61 -0.422565
22 62 0.457637
22 63 -0.7205
22 64 0.0602677
22 65 -0.739589
22 66 -0.0865913
22 67 -0.0227458
22 68 0.181639
22 69 0.568112
22 70 -0.500486
22 71 -0.00833721
22 72 0.234174
22 73 -0.309291
22 74 0.714948
22 75 -0.621379
22 76 -0.398396
22 77 -0.485556
22 78 0.220432
22 79 -0.630269
22 80 -0.0451273
22 81 -0.619492
22 82 -0.175453
22 83 -0.280612
22 84 -0.126239
22 85 -0.569003
22 86 -0.6664
22 87 -0.14533
22 88 0.339652
22 89 -0.651202
22 90 -0.461694
22 91 0.00461909
22 92 0.240467
22 93 -0.558536
22 94 -0.171724
22 95 -0.814666
22 96 -0.686025
22 97 -0.262354
22 98 -0.554479
22 99 -0.491603
23 0 0.824721
23 1 0.55567
23 2 -0.513064
23 3 -0.0294065
23 4 0.917159
23 5 0.85452
23 6 0.872128
23 7 0.802715
23 8 -0.728207
23 9 0.908774
23 10 -0.723126
23 11 0.760601
23 12 0.845391
23 13 0.66453
23 14 0.799695
23 15 -0.36584
23 16 0.892851
23 17 -0.628439
23 18 -0.221242
23 19 -0.546207
23 20 0.795887
23 21 -0.502327
23 22 -0.662609
23 23 1
23 24 0.11972
23 25 0.883629
23 26 0.628607
23 27 0.679559
23 28 -0.00279368
23 29 0.398028
23 30 0.855344
23 31 0.882151
23 32 0.49759
23 33 -0.044011
23 34 -0.357264
23 35 -0.422561
23 36 -0.349782
23 37 -0.0310314
23 38 -0.404729
23 39 0.848703
23 40 0.77438
23 41 0.623031
23 42 0.596386
23 43 -0.159035
23 44 0.341795
23 45 0.67213
23 46 0.0184315
23 47 0.71643
23 48 0.870419
23 49 0.828031
23 50 -0.655491
23 51 -0.749328
23 52 0.853907
23 53 0.905779
23 54 -0.195928
23 55 -0.551197
23 56 0.8472
23 57 -0.409582
23 58 -0.687983
23 59 0.780403
23 60 -0.456143
23 61 0.761739
23 62 -0.306534
23 63 0.811138
23 64 0.0818518
23 65 0.838686
23 66 0.344042
23 67 0.507424
23 68 -0.421554
23 69 -0.420774
23 70 0.227147
23 71 0.59389
23 72 0.0675374
23 73 0.717423
23 74 -0.668244
23 75 0.691044
23 76 0.714261
23 77 0.810824
23 78 0.0932503
23 79 0.823221
23 80 0.362544
23 81 0.774774
23 82 0.699648
23 83 0.703993
23 84 0.442811
23 85 0.891368
23 86 0.75696
23 87 0.598159
23 88 -0.161389
23 89 0.886458
23 90 0.747991
23 91 0.283248
23 92 0.0723881
23 93 0.794578
23 94 0.215833
23 95 0.812324
23 96 0.869554
23 97 0.469764
23 98 0.750303
23 99 0.772746
24 0 -0.0711943
24 1 0.234136
24 2 0.157487
24 3 0.0199763
24 4 0.0960372
24 5 0.230006
24 6 0.434569
24 7 0.363948
24 8 0.300998
24 9 0.00454972
24 10 0.0296818
24 11 0.625262
24 12 -0.0891489
24 13 0.569837
24 14 0.27756
24 15 -0.237846
24 16 0.308168
24 17 -0.149847
24 18 0.534928
24 19 -0.0151677
24 20 0.00786935
24 21 0.0981362
24 22 0.0322394
24 23 0.11972
24 24 1
24 25 -0.062623
24 26 0.595919
24 27 0.583816
24 28 -0.705082
24 29 0.628703
24 30 0.327998
24 31 -0.00533916
24 32 0.72618
24 33 0.295576
24 34 -0.267665
24 35 0.131053
24 36 -0.0921002
24 37 0.175657
24 38 0.195446
24 39 0.0230798
24 40 0.270884
24 41 0.651939
24 42 0.389483
24 43 -0.0801534
24 44 0.451677
24 45 0.147225
24 46 0.261273
24 47 0.308174
24 48 0.257962
24 49 0.104141
24 50 0.342291
24 51 0.334547
24 52 0.063369
24 53 0.101776
24 54 0.618304
24 55 0.184932
24 56 0.342172
24 57 0.29897
24 58 0.107793
24 59 0.365665
24 60 -0.0369032
24 61 0.178419
24 62 0.104272
24 63 0.172825
24 64 0.127733
24 65 0.149025
24 66 0.820842
24 67 0.482949
24 68 -0.189807
24 69 -0.0345393
24 70 -0.346017
24 71 0.242562
24 72 0.320657
24 73 0.133265
24 74 0.121443
24 75 -0.467907
24 76 0.652601
24 77 0.34714
24 78 0.277067
24 79 0.268805
24 80 0.692448
24 81 0.340387
24 82 -0.0576479
24 83 0.579498
24 84 0.600385
24 85 0.0629298
24 86 0.41707
24 87 0.366475
24 88 0.275743
24 89 0.145058
24 90 0.36652
24 91 -0.132192
24 92 0.350588
24 93 0.249781
24 94 -0.291412
24 95 0.159208
24 96 -0.0167281
24 97 0.757761
24 98 -0.124394
24 99 0.492432
25 0 0.806676
25 1 0.595979
25 2 -0.572634
25 3 0.0841102
25 4 0.908173
25 5 0.906081
25 6 0.810036
25 7 0.814301
25 8 -0.884897
25 9 0.960302
25 10 -0.890831
25 11 0.676587
25 12 0.828328
25 13 0.505172
25 14 0.625446
25 15 -0.51215
25 16 0.82028
25 17 -0.778884
25 18 -0.419724
25 19 -0.683049
25 20 0.840814
25 21 -0.698165
25 22 -0.794239
25 23 0.883629
25 24 -0.062623
25 25 1
25 26 0.621129
25 27 0.568565
25 28 0.170184
25 29 0.204892
25 30 0.836439
25 31 0.886187
25 32 0.41116
25 33 -0.295712
25 34 -0.483771
25 35 -0.647628
25 36 -0.556374
25 37 -0.140433
25 38 -0.650183
25 39 0.945882
25 40 0.82245
25 41 0.489652
25 42 0.652088
25 43 -0.258545
25 44 0.0764492
25 45 0.779278
25 46 -0.196034
25 47 0.753951
25 48 0.902049
25 49 0.839314
25 50 -0.775648
25 51 -0.738818
25 52 0.894756
25 53 0.917254
25 54 -0.281757
25 55 -0.768325
25 56 0.772854
25 57 -0.574826
25 58 -0.885993
25 59 0.684464
25 60 -0.548609
25 61 0.639955
25 62 -0.527824
25 63 0.893237
25 64 -0.0474569
25 65 0.922537
25 66 0.192499
25 67 0.33943
25 68 -0.441002
25 69 -0.632114
25 70 0.444258
25 71 0.322331
25 72 -0.170297
25 73 0.663521
25 74 -0.789854
25 75 0.850293
25 76 0.584305
25 77 0.783027
25 78 -0.124272
25 79 0.830123
25 80 0.17701
25 81 0.786503
25 82 0.582134
25 83 0.530681
25 84 0.261238
25 85 0.868667
25 86 0.78761
25 87 0.511326
25 88 -0.302557
25 89 0.919011
25 90 0.757632
25 91 0.141735
25 92 -0.24779
25 93 0.834592
25 94 0.142012
25 95 0.926808
25 96 0.936569
25 97 0.373404
25 98 0.796702
25 99 0.73865
26 0 0.378077
26 1 0.717435
26 2 -0.305357
26 3 0.112828
26 4 0.654249
26 5 0.791672
26 6 0.852285
26 7 0.877498
26 8 -0.391174
26 9 0.647486
26 10 -0.639935
26 11 0.878398
26 12 0.435904
26 13 0.688421
26 14 0.506551
26 15 -0.697214
26 16 0.703942
26 17 -0.764642
26 18 0.0642962
26 19 -0.603056
26 20 0.549775
26 21 -0.406421
26 22 -0.432136
26 23 0.628607
26 24 0.595919
26 25 0.621129
26 26 1
26 27 0.831495
26 28 -0.402824
26 29 0.615704
26 30 0.718249
26 31 0.549372
26 32 0.869332
26 33 -0.176408
26 34 -0.688809
26 35 -0.35164
26 36 -0.582283
26 37 -0.0486034
26 38 -0.308467
26 39 0.689424
26 40 0.829374
26 41 0.869978
26 42 0.773826
