0 WDC
1 NFLX
2 AAPL
3 SRCL
4 CTRX
5 SBAC
6 XLNX
7 NXPI
8 LMCA
9 VRTX
10 SPLS
11 MYL
12 SIAL
13 HSIC
14 CTSH
15 AMZN
16 MAR
17 MAT
18 VRSK
19 VIP
20 BRCM
21 ROST
22 WFM
23 CHKP
24 GRMN
25 ESRX
26 REGN
27 AMAT
28 CHTR
29 KLAC
30 DTV
31 AVGO
32 PCLN
33 CTXS
34 SYMC
35 DISCA
36 PAYX
37 SIRI
38 DISCK
39 FFIV
40 ORLY
41 LVNTA
42 QCOM
43 YHOO
44 VOD
45 MU
46 MDLZ
47 GMCR
48 ALTR
49 AMGN
50 FB
51 COST
52 FISV
53 WYNN
54 ADSK
55 MSFT
56 DLTR
57 SNDK
58 FAST
59 BBBY
60 EXPE
61 EXPD
62 LLTC
63 ADP
64 GILD
65 CA
66 ILMN
67 TRIP
68 ADI
69 CHRW
70 TSCO
71 NTAP
72 VIAB
73 BIDU
74 EBAY
75 SBUX
76 CMCSA
77 NVDA
78 ADBE
79 LBTYA
80 TSLA
81 KRFT
82 MXIM
83 DISH
84 PCAR
85 TXN
86 MNST
87 BIIB
88 ATVI
89 CELG
90 GOOG
91 AKAM
92 INTC
93 INTU
94 ALXN
95 STX
96 ISRG
97 EQIX
98 CERN
99 CSCO
END
0 0 1
0 1 0.780501
0 2 0.362227
0 3 0.503089
0 4 -0.617518
0 5 0.125924
0 6 0.917699
0 7 0.778498
0 8 0.936428
0 9 0.688861
0 10 0.888685
0 11 0.90094
0 12 0.898311
0 13 0.868341
0 14 -0.705937
0 15 0.546799
0 16 -0.0152413
0 17 0.528118
0 18 -0.379796
0 19 -0.908859
0 20 0.453123
0 21 0.612786
0 22 -0.463706
0 23 0.869677
0 24 0.604155
0 25 0.934517
0 26 0.68112
0 27 0.942239
0 28 0.809203
0 29 0.865921
0 30 0.829221
0 31 0.661819
0 32 0.909597
0 33 -0.700611
0 34 -0.693982
0 35 -0.375215
0 36 0.781385
0 37 0.835247
0 38 -0.563302
0 39 0.0641768
0 40 0.880345
0 41 0.863624
0 42 -0.521712
0 43 0.85893
0 44 -0.0854883
0 45 0.826739
0 46 -0.358028
0 47 0.875009
0 48 0.0613397
0 49 -0.679736
0 50 -0.689831
0 51 0.842959
0 52 0.125418
0 53 0.693991
0 54 -0.454213
0 55 0.949877
0 56 0.850301
0 57 0.755292
0 58 0.00413346
0 59 0.826258
0 60 -0.641412
0 61 0.857454
0 62 0.56643
0 63 0.797452
0 64 0.455888
0 65 0.93938
0 66 0.894922
0 67 0.946834
0 68 0.671567
0 69 -0.350663
0 70 0.795677
0 71 0.915251
0 72 0.650654
0 73 0.862092
0 74 -0.423844
0 75 0.940219
0 76 -0.245434
0 77 0.910382
0 78 -0.259722
0 79 0.00872471
0 80 0.934086
0 81 0.836178
0 82 -0.733965
0 83 0.459736
0 84 0.927735
0 85 0.419969
0 86 0.668666
0 87 0.61003
0 88 0.127867
0 89 0.0523273
0 90 0.881755
0 91 0.796587
0 92 0.899649
0 93 -0.824878
0 94 -0.130874
0 95 0.97376
0 96 0.318803
0 97 -0.458358
0 98 0.850626
0 99 0.861054
1 0 0.780501
1 1 1
1 2 0.339516
1 3 0.70472
1 4 -0.41283
1 5 0.49482
1 6 0.734236
1 7 0.530129
1 8 0.827622
1 9 0.8066
1 10 0.572383
1 11 0.749423
1 12 0.828052
1 13 0.632901
1 14 -0.854469
1 15 0.298231
1 16 0.272597
1 17 0.779739
1 18 -0.0737797
1 19 -0.680645
1 20 0.697406
1 21 0.767622
1 22 -0.0740742
1 23 0.668921
1 24 0.741336
1 25 0.773557
1 26 0.785275
1 27 0.803205
1 28 0.59832
1 29 0.725191
1 30 0.83018
1 31 0.271779
1 32 0.719836
1 33 -0.598133
1 34 -0.293001
1 35 -0.110857
1 36 0.862688
1 37 0.827752
1 38 -0.281224
1 39 0.157086
1 40 0.820788
1 41 0.594863
1 42 -0.365828
1 43 0.86138
1 44 0.257538
1 45 0.53245
1 46 0.0805618
1 47 0.778926
1 48 -0.00992081
1 49 -0.362295
1 50 -0.356685
1 51 0.847645
1 52 0.535062
1 53 0.852021
1 54 -0.196923
1 55 0.877459
1 56 0.810333
1 57 0.476928
1 58 0.180444
1 59 0.774492
1 60 -0.562541
1 61 0.670196
1 62 0.59376
1 63 0.899453
1 64 0.61592
1 65 0.809945
1 66 0.880263
1 67 0.733223
1 68 0.662626
1 69 -0.208419
1 70 0.742574
1 71 0.706155
1 72 0.660549
1 73 0.623492
1 74 -0.314054
1 75 0.799825
1 76 0.0601852
1 77 0.919958
1 78 -0.0617673
1 79 0.10745
1 80 0.745957
1 81 0.722083
1 82 -0.37451
1 83 0.60605
1 84 0.801492
1 85 0.645131
1 86 0.523003
1 87 0.723376
1 88 0.296426
1 89 0.282425
1 90 0.884005
1 91 0.895115
1 92 0.869148
1 93 -0.786785
1 94 0.0954559
1 95 0.718033
1 96 -0.125649
1 97 -0.088303
1 98 0.680678
1 99 0.571195
2 0 0.362227
2 1 0.339516
2 2 1
2 3 0.264458
2 4 -0.24384
2 5 0.492534
2 6 0.429868
2 7 0.352831
2 8 0.347288
2 9 0.0954496
2 10 0.128308
2 11 0.225982
2 12 0.410326
2 13 0.270162
2 14 -0.0389718
2 15 -0.270285
2 16 0.653641
2 17 0.473126
2 18 0.408728
2 19 -0.248154
2 20 0.743968
2 21 0.334667
2 22 0.248713
2 23 0.296482
2 24 0.360059
2 25 0.506421
2 26 0.563854
2 27 0.411276
2 28 -0.0122813
2 29 0.211773
2 30 0.456251
2 31 0.0325289
2 32 0.160631
2 33 0.0494231
2 34 0.158327
2 35 0.214066
2 36 0.457439
2 37 0.586592
2 38 0.0910926
2 39 0.596373
2 40 0.416457
2 41 -0.0138177
2 42 0.226303
2 43 0.528124
2 44 0.392221
2 45 -0.0982333
2 46 0.256455
2 47 0.231504
2 48 0.455966
2 49 -0.0478714
2 50 0.12213
2 51 0.408922
2 52 0.216803
2 53 0.611327
2 54 0.550086
2 55 0.339197
2 56 0.178183
2 57 0.121216
2 58 0.514635
2 59 0.21476
2 60 -0.471469
2 61 0.59624
2 62 0.757483
2 63 0.419964
2 64 0.400566
2 65 0.365843
2 66 0.226791
2 67 0.189755
2 68 0.66035
2 69 0.39191
2 70 0.11548
2 71 0.150082
2 72 0.390019
2 73 0.315261
2 74 0.334063
2 75 0.180953
2 76 0.514484
2 77 0.379102
2 78 -0.217719
2 79 0.642125
2 80 0.129182
2 81 0.425047
2 82 0.126135
2 83 -0.119282
2 84 0.481534
2 85 0.748974
2 86 -0.0877964
2 87 0.481501
2 88 0.603381
2 89 0.329243
2 90 0.358543
2 91 0.580019
2 92 0.347949
2 93 -0.251977
2 94 0.527209
2 95 0.371101
2 96 0.110238
2 97 0.391352
2 98 0.464901
2 99 0.0469814
3 0 0.503089
3 1 0.70472
3 2 0.264458
3 3 1
3 4 -0.400419
3 5 0.667019
3 6 0.5088
3 7 0.357477
3 8 0.635733
3 9 0.57148
3 10 0.344256
3 11 0.555906
3 12 0.630111
3 13 0.480018
3 14 -0.546855
3 15 0.191799
3 16 0.552475
3 17 0.84802
3 18 0.220218
3 19 -0.289775
3 20 0.711888
3 21 0.80298
3 22 0.299029
3 23 0.566337
3 24 0.831057
3 25 0.514642
3 26 0.782199
3 27 0.469151
3 28 0.488409
3 29 0.553679
3 30 0.715006
3 31 0.0222664
3 32 0.525151
3 33 -0.243735
3 34 -0.00173064
3 35 0.289471
3 36 0.782039
3 37 0.760313
3 38 0.198053
3 39 0.138963
3 40 0.552011
3 41 0.363343
3 42 0.0435369
3 43 0.711277
3 44 0.43896
3 45 0.292682
3 46 0.27341
3 47 0.543049
3 48 0.15687
3 49 0.106945
3 50 -0.0206622
3 51 0.698137
3 52 0.674079
3 53 0.748801
3 54 -0.00306595
3 55 0.592161
3 56 0.667503
3 57 0.405318
3 58 0.337931
3 59 0.586722
3 60 -0.220479
3 61 0.637869
3 62 0.645373
3 63 0.833299
3 64 0.80382
3 65 0.504872
3 66 0.712189
3 67 0.454694
3 68 0.603073
3 69 -0.0241064
3 70 0.630573
3 71 0.442347
3 72 0.846791
3 73 0.471376
3 74 0.137183
3 75 0.546695
3 76 0.396323
3 77 0.698221
3 78 0.125753
3 79 0.460969
3 80 0.490002
3 81 0.675855
3 82 0.0151795
3 83 0.535742
3 84 0.639364
3 85 0.668393
3 86 0.34795
3 87 0.710559
3 88 0.463857
3 89 0.625656
3 90 0.674453
3 91 0.716925
3 92 0.559538
3 93 -0.40291
3 94 0.371955
3 95 0.457677
3 96 -0.14251
3 97 0.24892
3 98 0.403266
3 99 0.311261
4 0 -0.617518
4 1 -0.41283
4 2 -0.24384
4 3 -0.400419
4 4 1
4 5 0.0813726
4 6 -0.700633
4 7 -0.579623
4 8 -0.636433
4 9 -0.296925
4 10 -0.595721
4 11 -0.589793
4 12 -0.71768
4 13 -0.61371
4 14 0.326253
4 15 -0.269894
4 16 0.0279365
4 17 -0.274486
4 18 0.450929
4 19 0.634691
4 20 -0.34862
4 21 -0.208544
4 22 0.214816
4 23 -0.741266
4 24 -0.399442
4 25 -0.661124
4 26 -0.412391
4 27 -0.461545
4 28 -0.685833
4 29 -0.508262
4 30 -0.660562
4 31 -0.505404
4 32 -0.660723
4 33 0.316491
4 34 0.576641
4 35 0.164596
4 36 -0.554232
4 37 -0.628244
4 38 0.357942
4 39 -0.217893
4 40 -0.520187
4 41 -0.583666
4 42 0.115088
4 43 -0.465541
4 44 0.260344
4 45 -0.571415
4 46 0.436348
4 47 -0.606103
4 48 -0.284938
4 49 0.460918
4 50 0.589044
4 51 -0.6081
4 52 0.166276
4 53 -0.282645
4 54 0.345439
4 55 -0.564848
4 56 -0.575228
4 57 -0.515777
4 58 -0.157466
4 59 -0.316093
4 60 0.444184
4 61 -0.691497
4 62 -0.490768
4 63 -0.57814
4 64 -0.352967
4 65 -0.47568
4 66 -0.6274
4 67 -0.630659
4 68 -0.518536
4 69 0.317586
4 70 -0.362132
4 71 -0.598099
4 72 -0.50328
4 73 -0.582218
4 74 0.0972635
4 75 -0.529465
4 76 0.0893933
4 77 -0.566657
4 78 0.3666
4 79 -0.0973642
4 80 -0.692291
4 81 -0.684131
4 82 0.437847
4 83 -0.230722
4 84 -0.646924
4 85 -0.153467
4 86 -0.115415
4 87 -0.467117
4 88 -0.0738751
4 89 -0.0258034
4 90 -0.588552
4 91 -0.501209
4 92 -0.41373
4 93 0.422541
4 94 0.0279339
4 95 -0.680037
4 96 -0.210233
4 97 0.280694
4 98 -0.413725
4 99 -0.659085
5 0 0.125924
5 1 0.49482
5 2 0.492534
5 3 0.667019
5 4 0.0813726
5 5 1
5 6 0.0886392
5 7 -0.0805363
5 8 0.223156
5 9 0.420744
5 10 -0.180039
5 11 0.12907
5 12 0.291458
5 13 0.0295332
5 14 -0.353143
5 15 -0.325362
5 16 0.863609
5 17 0.788998
5 18 0.58583
5 19 0.0764708
5 20 0.759113
5 21 0.67364
5 22 0.655768
5 23 0.0811753
5 24 0.54573
5 25 0.184811
5 26 0.728293
5 27 0.177978
5 28 -0.108454
5 29 0.199295
5 30 0.390161
5 31 -0.508604
5 32 0.0118079
5 33 0.027673
5 34 0.470258
5 35 0.446191
5 36 0.485635
5 37 0.505847
5 38 0.425795
5 39 0.259043
5 40 0.248601
5 41 -0.217096
5 42 0.236736
5 43 0.503524
5 44 0.837044
5 45 -0.301349
5 46 0.735471
5 47 0.135715
5 48 0.0415672
5 49 0.433544
5 50 0.42957
5 51 0.396631
5 52 0.723699
5 53 0.750829
5 54 0.47037
5 55 0.290118
5 56 0.22056
5 57 -0.143007
5 58 0.514972
5 59 0.316249
5 60 -0.190966
5 61 0.329124
5 62 0.492361
5 63 0.519041
5 64 0.740089
5 65 0.225394
5 66 0.275134
5 67 0.00310982
5 68 0.368647
5 69 0.365673
5 70 0.31123
5 71 -0.0561007
5 72 0.631825
5 73 0.111283
5 74 0.284779
5 75 0.111596
5 76 0.667891
5 77 0.384586
5 78 0.17101
5 79 0.682295
5 80 -0.00929966
5 81 0.274462
5 82 0.435707
5 83 0.271408
5 84 0.281518
5 85 0.801397
5 86 0.153401
5 87 0.624982
5 88 0.700095
5 89 0.705592
5 90 0.317707
5 91 0.590425
5 92 0.337031
5 93 -0.242368
5 94 0.622611
5 95 0.0497705
5 96 -0.424223
5 97 0.707916
5 98 0.175891
5 99 -0.235368
6 0 0.917699
6 1 0.734236
6 2 0.429868
6 3 0.5088
6 4 -0.700633
6 5 0.0886392
6 6 1
6 7 0.841154
6 8 0.886703
6 9 0.557304
6 10 0.810589
6 11 0.833317
6 12 0.890435
6 13 0.822418
6 14 -0.56398
6 15 0.46795
6 16 0.0461269
6 17 0.506489
6 18 -0.287443
6 19 -0.857735
6 20 0.546667
6 21 0.527508
6 22 -0.421115
6 23 0.876785
6 24 0.640152
6 25 0.910134
6 26 0.590613
6 27 0.869884
6 28 0.75462
6 29 0.811307
6 30 0.805839
6 31 0.703125
6 32 0.850951
6 33 -0.580855
6 34 -0.617829
6 35 -0.18298
6 36 0.753762
6 37 0.84536
6 38 -0.410616
6 39 0.236154
6 40 0.83785
6 41 0.7863
6 42 -0.373087
6 43 0.794297
6 44 -0.0322872
6 45 0.747977
6 46 -0.351617
6 47 0.807733
6 48 0.297828
6 49 -0.63152
6 50 -0.642113
6 51 0.832418
6 52 0.160067
6 53 0.642506
6 54 -0.290989
6 55 0.876785
6 56 0.764727
6 57 0.72914
6 58 0.143139
6 59 0.675094
6 60 -0.628327
6 61 0.827224
6 62 0.684281
6 63 0.780272
6 64 0.416756
6 65 0.843185
6 66 0.843728
6 67 0.878338
6 68 0.75884
6 69 -0.248368
6 70 0.649311
6 71 0.837741
6 72 0.57893
6 73 0.807779
6 74 -0.254858
6 75 0.823508
6 76 -0.137087
6 77 0.849575
6 78 -0.246162
6 79 0.0706161
6 80 0.867684
6 81 0.807397
6 82 -0.611853
6 83 0.40023
6 84 0.90803
6 85 0.474832
6 86 0.463782
6 87 0.635287
6 88 0.17712
6 89 0.0164753
6 90 0.809923
6 91 0.789537
6 92 0.801606
6 93 -0.715053
6 94 -0.0120933
6 95 0.910891
6 96 0.341601
6 97 -0.374732
6 98 0.855206
6 99 0.83916
7 0 0.778498
7 1 0.530129
7 2 0.352831
7 3 0.357477
7 4 -0.579623
7 5 -0.0805363
7 6 0.841154
7 7 1
7 8 0.809232
7 9 0.229204
7 10 0.850274
7 11 0.750067
7 12 0.709306
7 13 0.85131
7 14 -0.292592
7 15 0.597695
7 16 -0.0354214
7 17 0.349136
7 18 -0.221387
7 19 -0.699471
7 20 0.375773
7 21 0.271224
7 22 -0.431462
7 23 0.842066
7 24 0.577356
7 25 0.784271
7 26 0.413851
7 27 0.757291
7 28 0.794267
7 29 0.632417
7 30 0.744971
7 31 0.848998
7 32 0.840107
7 33 -0.390549
7 34 -0.536592
7 35 -0.196248
7 36 0.617797
7 37 0.671866
7 38 -0.379236
7 39 0.178736
7 40 0.763417
7 41 0.779926
7 42 -0.187989
7 43 0.699189
7 44 -0.302473
7 45 0.771262
7 46 -0.507651
7 47 0.814001
7 48 0.486213
7 49 -0.638497
7 50 -0.547853
7 51 0.665634
7 52 0.0706195
7 53 0.420412
7 54 -0.235687
7 55 0.645187
7 56 0.635279
7 57 0.903977
7 58 0.080062
7 59 0.50391
7 60 -0.344541
7 61 0.77859
7 62 0.672494
7 63 0.635712
7 64 0.182766
7 65 0.694108
7 66 0.683137
7 67 0.744586
7 68 0.803275
7 69 -0.233822
7 70 0.617056
7 71 0.787011
7 72 0.473517
7 73 0.74146
7 74 -0.0252288
7 75 0.741035
7 76 -0.0872484
7 77 0.694854
7 78 -0.26947
7 79 0.0660799
7 80 0.777475
7 81 0.754128
7 82 -0.545017
7 83 0.122792
7 84 0.809
7 85 0.310997
7 86 0.327899
7 87 0.320496
7 88 0.0522524
7 89 -0.012641
7 90 0.72242
7 91 0.568012
7 92 0.571881
7 93 -0.490178
7 94 0.0773789
7 95 0.810614
7 96 0.466494
7 97 -0.365323
7 98 0.736071
7 99 0.792433
8 0 0.936428
8 1 0.827622
8 2 0.347288
8 3 0.635733
8 4 -0.636433
8 5 0.223156
8 6 0.886703
8 7 0.809232
8 8 1
8 9 0.662575
8 10 0.879368
8 11 0.894995
8 12 0.900674
8 13 0.893005
8 14 -0.686689
8 15 0.509829
8 16 0.0964436
8 17 0.669878
8 18 -0.246733
8 19 -0.843399
8 20 0.537677
8 21 0.632628
8 22 -0.326355
8 23 0.913077
8 24 0.720352
8 25 0.9355
8 26 0.754455
8 27 0.913854
8 28 0.871425
8 29 0.801238
8 30 0.920487
8 31 0.615277
8 32 0.929711
8 33 -0.633885
8 34 -0.565551
8 35 -0.30572
8 36 0.87007
8 37 0.891942
8 38 -0.466382
8 39 0.119006
8 40 0.930453
8 41 0.844735
8 42 -0.412272
8 43 0.885232
8 44 -0.0586671
8 45 0.812179
8 46 -0.300868
8 47 0.935399
8 48 0.166083
8 49 -0.605772
8 50 -0.569289
8 51 0.869913
8 52 0.224309
8 53 0.717815
8 54 -0.366817
8 55 0.913713
8 56 0.902916
8 57 0.77283
8 58 0.0184415
8 59 0.823312
8 60 -0.599521
8 61 0.87329
8 62 0.678551
8 63 0.898779
8 64 0.501394
8 65 0.922037
8 66 0.932629
8 67 0.894228
8 68 0.783482
8 69 -0.34376
8 70 0.814316
8 71 0.88295
8 72 0.746986
8 73 0.814776
8 74 -0.286787
8 75 0.947241
8 76 -0.0523082
8 77 0.935103
8 78 -0.178166
8 79 0.113436
8 80 0.929402
8 81 0.886433
8 82 -0.640072
8 83 0.487262
8 84 0.950815
8 85 0.470789
8 86 0.559855
8 87 0.595863
8 88 0.139956
8 89 0.150728
8 90 0.960391
8 91 0.834251
8 92 0.854402
8 93 -0.754034
8 94 0.0041908
8 95 0.931073
8 96 0.244748
8 97 -0.338684
8 98 0.809343
8 99 0.815358
9 0 0.688861
9 1 0.8066
9 2 0.0954496
9 3 0.57148
9 4 -0.296925
9 5 0.420744
9 6 0.557304
9 7 0.229204
9 8 0.662575
9 9 1
9 10 0.460336
9 11 0.60238
9 12 0.678629
9 13 0.490303
9 14 -0.914452
9 15 0.245266
9 16 0.111095
9 17 0.623841
9 18 -0.274412
9 19 -0.603316
9 20 0.397525
9 21 0.752604
9 22 -0.197643
9 23 0.490939
9 24 0.509843
9 25 0.621201
9 26 0.69087
9 27 0.684097
9 28 0.48868
9 29 0.709686
9 30 0.609388
9 31 0.114512
9 32 0.548121
9 33 -0.701644
9 34 -0.393876
9 35 -0.285063
9 36 0.645999
9 37 0.633003
9 38 -0.352962
9 39 -0.124703
9 40 0.632129
9 41 0.500717
9 42 -0.57336
9 43 0.679737
9 44 0.294505
9 45 0.483999
9 46 0.0672173
9 47 0.600547
9 48 -0.398983
9 49 -0.292158
9 50 -0.408764
9 51 0.65419
9 52 0.392904
9 53 0.7258
9 54 -0.365185
9 55 0.830336
9 56 0.696375
9 57 0.244003
9 58 -0.00966038
9 59 0.805821
9 60 -0.53587
9 61 0.488227
9 62 0.26896
9 63 0.711457
9 64 0.58909
9 65 0.7222
9 66 0.768566
9 67 0.643457
9 68 0.308308
9 69 -0.361325
9 70 0.751533
9 71 0.556217
9 72 0.588145
9 73 0.520235
9 74 -0.610111
9 75 0.720797
9 76 -0.173212
9 77 0.747563
9 78 -0.0024652
9 79 -0.0168259
9 80 0.669239
9 81 0.519972
9 82 -0.444664
9 83 0.760268
9 84 0.629105
9 85 0.436768
9 86 0.644621
9 87 0.652722
9 88 0.114248
9 89 0.268492
9 90 0.696077
9 91 0.724486
9 92 0.859353
9 93 -0.771121
9 94 -0.172309
9 95 0.61749
9 96 -0.209172
9 97 -0.230472
9 98 0.51414
9 99 0.451486
10 0 0.888685
10 1 0.572383
10 2 0.128308
10 3 0.344256
10 4 -0.595721
10 5 -0.180039
10 6 0.810589
10 7 0.850274
10 8 0.879368
10 9 0.460336
10 10 1
10 11 0.881058
10 12 0.753304
10 13 0.912889
10 14 -0.502585
10 15 0.701328
10 16 -0.276118
10 17 0.3149
10 18 -0.472291
10 19 -0.839712
10 20 0.171938
10 21 0.357085
10 22 -0.591809
10 23 0.880724
10 24 0.488786
10 25 0.837798
10 26 0.433707
10 27 0.838575
10 28 0.915885
10 29 0.71715
10 30 0.739721
10 31 0.843704
10 32 0.935929
10 33 -0.649831
10 34 -0.767032
10 35 -0.488459
10 36 0.649343
10 37 0.641177
10 38 -0.630511
10 39 -0.058902
10 40 0.815109
10 41 0.947761
10 42 -0.506755
10 43 0.68445
10 44 -0.424353
10 45 0.953258
10 46 -0.589293
10 47 0.879641
10 48 0.129964
10 49 -0.765587
10 50 -0.737398
10 51 0.696524
10 52 -0.0446965
10 53 0.408872
10 54 -0.606913
10 55 0.774006
10 56 0.785039
10 57 0.884413
10 58 -0.213733
10 59 0.706406
10 60 -0.459384
10 61 0.755413
10 62 0.42892
10 63 0.644051
10 64 0.196844
10 65 0.824774
10 66 0.787257
10 67 0.898527
10 68 0.596789
10 69 -0.448678
10 70 0.728301
10 71 0.90934
10 72 0.506507
10 73 0.793596
10 74 -0.395512
10 75 0.913849
10 76 -0.367994
10 77 0.758704
10 78 -0.285623
10 79 -0.176242
10 80 0.918416
10 81 0.79313
10 82 -0.832366
10 83 0.3314
10 84 0.833958
10 85 0.115194
10 86 0.568004
10 87 0.295822
10 88 -0.113996
10 89 -0.120669
10 90 0.802627
10 91 0.545753
10 92 0.698469
10 93 -0.662412
10 94 -0.248884
10 95 0.904245
10 96 0.44179
10 97 -0.640496
10 98 0.73427
10 99 0.918451
11 0 0.90094
11 1 0.749423
11 2 0.225982
11 3 0.555906
11 4 -0.589793
11 5 0.12907
11 6 0.833317
11 7 0.750067
11 8 0.894995
11 9 0.60238
11 10 0.881058
11 11 1
11 12 0.9055
11 13 0.895082
11 14 -0.639205
11 15 0.546555
11 16 0.0198967
11 17 0.548125
11 18 -0.304772
11 19 -0.792484
11 20 0.440218
11 21 0.539721
11 22 -0.301089
11 23 0.879039
11 24 0.656605
11 25 0.862408
11 26 0.592528
11 27 0.808405
11 28 0.81765
11 29 0.758064
11 30 0.848803
11 31 0.619376
11 32 0.919796
11 33 -0.593132
11 34 -0.593421
11 35 -0.240464
11 36 0.803134
11 37 0.809692
11 38 -0.471539
11 39 0.155198
11 40 0.852404
11 41 0.879175
11 42 -0.384741
11 43 0.799527
11 44 -0.126053
11 45 0.799148
11 46 -0.244002
11 47 0.875943
11 48 0.141728
11 49 -0.574688
11 50 -0.655487
11 51 0.893769
11 52 0.275671
11 53 0.638743
11 54 -0.49101
11 55 0.861621
11 56 0.852962
11 57 0.780255
11 58 0.0932658
11 59 0.737965
11 60 -0.498198
11 61 0.818889
11 62 0.500231
11 63 0.796216
11 64 0.483556
11 65 0.840487
11 66 0.851346
11 67 0.927438
11 68 0.639626
11 69 -0.230915
11 70 0.765369
11 71 0.897712
11 72 0.646004
11 73 0.810113
11 74 -0.289071
11 75 0.902101
11 76 -0.202084
11 77 0.860975
11 78 -0.355747
11 79 -0.00439855
11 80 0.905433
11 81 0.90342
11 82 -0.673518
11 83 0.450028
11 84 0.902859
11 85 0.304249
11 86 0.55973
11 87 0.601565
11 88 0.239225
11 89 0.097542
11 90 0.880815
11 91 0.725219
11 92 0.748488
11 93 -0.718375
11 94 -0.0181579
11 95 0.871233
11 96 0.141296
11 97 -0.373495
11 98 0.772875
11 99 0.871241
12 0 0.898311
12 1 0.828052
12 2 0.410326
12 3 0.630111
12 4 -0.71768
12 5 0.291458
12 6 0.890435
12 7 0.709306
12 8 0.900674
12 9 0.678629
12 10 0.753304
12 11 0.9055
12 12 1
12 13 0.858805
12 14 -0.673093
12 15 0.382416
12 16 0.208706
12 17 0.659549
12 18 -0.266582
12 19 -0.789251
12 20 0.634542
12 21 0.598361
12 22 -0.183621
12 23 0.875152
12 24 0.679443
12 25 0.892547
12 26 0.725466
12 27 0.797995
12 28 0.732292
12 29 0.806184
12 30 0.913677
12 31 0.50322
12 32 0.871782
12 33 -0.5149
12 34 -0.545564
12 35 -0.149189
12 36 0.87657
12 37 0.91275
12 38 -0.4057
12 39 0.323292
12 40 0.827663
12 41 0.749938
12 42 -0.271184
12 43 0.870881
12 44 0.0593806
12 45 0.661865
12 46 -0.15087
12 47 0.870386
12 48 0.194411
12 49 -0.499337
12 50 -0.625913
12 51 0.923944
12 52 0.307084
12 53 0.753841
12 54 -0.311026
12 55 0.905124
12 56 0.81498
12 57 0.652226
12 58 0.314645
12 59 0.67265
12 60 -0.608433
12 61 0.866456
12 62 0.636998
12 63 0.886108
12 64 0.630312
12 65 0.813067
12 66 0.874601
12 67 0.893739
12 68 0.727616
12 69 -0.234103
12 70 0.692208
12 71 0.822862
12 72 0.716908
12 73 0.836329
12 74 -0.216525
12 75 0.830927
12 76 -0.0637132
12 77 0.910895
12 78 -0.398934
12 79 0.169629
12 80 0.883665
12 81 0.893505
12 82 -0.528891
12 83 0.421566
12 84 0.9247
12 85 0.478212
12 86 0.460522
12 87 0.77648
12 88 0.347796
12 89 0.231008
12 90 0.897156
12 91 0.854368
12 92 0.807023
12 93 -0.760772
12 94 0.109035
12 95 0.860552
12 96 0.0347176
12 97 -0.190155
12 98 0.776005
12 99 0.796932
13 0 0.868341
13 1 0.632901
13 2 0.270162
13 3 0.480018
13 4 -0.61371
13 5 0.0295332
13 6 0.822418
13 7 0.85131
13 8 0.893005
13 9 0.490303
13 10 0.912889
13 11 0.895082
13 12 0.858805
13 13 1
13 14 -0.465772
13 15 0.649061
13 16 0.00302832
13 17 0.482662
13 18 -0.296335
13 19 -0.719194
13 20 0.350407
13 21 0.406855
13 22 -0.390698
13 23 0.890391
13 24 0.565579
13 25 0.83803
13 26 0.561605
13 27 0.785558
13 28 0.861089
13 29 0.737853
13 30 0.854413
13 31 0.754598
13 32 0.934724
13 33 -0.435075
13 34 -0.640882
13 35 -0.297827
13 36 0.756967
13 37 0.754516
13 38 -0.494239
13 39 0.207494
13 40 0.78694
13 41 0.878943
13 42 -0.262235
13 43 0.799002
13 44 -0.245707
13 45 0.817915
13 46 -0.390219
13 47 0.930623
13 48 0.287063
13 49 -0.587901
13 50 -0.690336
13 51 0.776332
13 52 0.148489
13 53 0.545006
13 54 -0.417651
13 55 0.769207
13 56 0.780392
13 57 0.877638
13 58 0.129534
13 59 0.639559
13 60 -0.414643
13 61 0.838911
13 62 0.579188
13 63 0.749271
13 64 0.42285
13 65 0.771216
13 66 0.776578
13 67 0.89148
13 68 0.734579
13 69 -0.383885
13 70 0.730101
13 71 0.881976
13 72 0.62737
13 73 0.869032
13 74 -0.17175
13 75 0.865571
13 76 -0.179705
13 77 0.793046
13 78 -0.434363
13 79 0.0815774
13 80 0.90069
13 81 0.882439
13 82 -0.64611
13 83 0.260095
13 84 0.889201
13 85 0.251849
13 86 0.465822
13 87 0.485036
13 88 0.104653
13 89 0.178236
13 90 0.850596
13 91 0.627752
13 92 0.696549
13 93 -0.612022
13 94 0.00928873
13 95 0.86098
13 96 0.258443
13 97 -0.369749
13 98 0.756479
13 99 0.864828
14 0 -0.705937
14 1 -0.854469
14 2 -0.0389718
14 3 -0.546855
14 4 0.326253
14 5 -0.353143
14 6 -0.56398
14 7 -0.292592
14 8 -0.686689
14 9 -0.914452
14 10 -0.502585
14 11 -0.639205
14 12 -0.673093
14 13 -0.465772
14 14 1
14 15 -0.241315
14 16 -0.00417034
14 17 -0.584222
14 18 0.358115
14 19 0.696283
14 20 -0.398526
14 21 -0.740129
14 22 0.216699
14 23 -0.499931
14 24 -0.551165
14 25 -0.64737
14 26 -0.647017
14 27 -0.721722
14 28 -0.555361
14 29 -0.644242
14 30 -0.624549
14 31 -0.154795
14 32 -0.59554
14 33 0.812262
14 34 0.418339
14 35 0.299202
14 36 -0.66996
14 37 -0.617545
14 38 0.391939
14 39 0.199547
14 40 -0.701517
14 41 -0.546989
14 42 0.669896
14 43 -0.65024
14 44 -0.157503
14 45 -0.547895
14 46 0.0294557
14 47 -0.627063
14 48 0.41683
14 49 0.388681
14 50 0.405834
14 51 -0.697267
14 52 -0.365728
14 53 -0.676869
14 54 0.448782
14 55 -0.834566
14 56 -0.741733
14 57 -0.2953
14 58 0.0807062
14 59 -0.820785
14 60 0.564117
14 61 -0.473993
14 62 -0.234431
14 63 -0.723725
14 64 -0.475425
14 65 -0.74503
14 66 -0.825882
14 67 -0.663412
14 68 -0.282504
14 69 0.391747
14 70 -0.726612
14 71 -0.616784
14 72 -0.535512
14 73 -0.460822
14 74 0.629569
14 75 -0.759292
14 76 0.199537
14 77 -0.798976
14 78 0.000709862
14 79 0.147504
14 80 -0.712623
14 81 -0.537638
14 82 0.518833
14 83 -0.757887
14 84 -0.60065
14 85 -0.379647
14 86 -0.632117
14 87 -0.599205
14 88 -0.0568532
14 89 -0.113481
14 90 -0.722742
14 91 -0.752919
14 92 -0.843181
14 93 0.857147
14 94 0.181287
14 95 -0.635613
14 96 0.131255
14 97 0.31548
14 98 -0.492986
14 99 -0.493718
15 0 0.546799
15 1 0.298231
15 2 -0.270285
15 3 0.191799
15 4 -0.269894
15 5 -0.325362
15 6 0.46795
15 7 0.597695
15 8 0.509829
15 9 0.245266
15 10 0.701328
15 11 0.546555
15 12 0.382416
15 13 0.649061
15 14 -0.241315
15 15 1
15 16 -0.402997
15 17 0.0464908
15 18 -0.417521
15 19 -0.406451
15 20 -0.175205
15 21 0.165271
15 22 -0.587798
15 23 0.527264
15 24 0.245182
15 25 0.353537
15 26 0.120809
15 27 0.466931
15 28 0.677445
15 29 0.603726
15 30 0.375825
15 31 0.742994
15 32 0.70372
15 33 -0.272849
15 34 -0.631617
15 35 -0.403334
15 36 0.295949
15 37 0.229766
15 38 -0.472133
15 39 -0.188886
15 40 0.359389
15 41 0.789468
15 42 -0.296258
15 43 0.419036
15 44 -0.4246
15 45 0.767635
15 46 -0.531993
15 47 0.621946
15 48 0.0668669
15 49 -0.467003
15 50 -0.644811
15 51 0.303073
15 52 -0.0537224
15 53 0.108419
15 54 -0.621953
15 55 0.399144
15 56 0.525606
15 57 0.788736
15 58 -0.283671
15 59 0.403035
15 60 0.101494
15 61 0.347202
15 62 0.108492
15 63 0.29836
15 64 0.0634774
15 65 0.453383
15 66 0.451611
15 67 0.640871
15 68 0.317871
15 69 -0.550835
15 70 0.590308
15 71 0.708089
15 72 0.23632
15 73 0.679199
15 74 -0.274212
15 75 0.622373
15 76 -0.491692
15 77 0.414954
15 78 -0.115215
15 79 -0.306301
15 80 0.625737
15 81 0.40819
15 82 -0.558569
15 83 0.166796
15 84 0.473673
15 85 -0.11055
15 86 0.577269
15 87 0.0337106
15 88 -0.309298
15 89 -0.0564359
15 90 0.454554
15 91 0.113069
15 92 0.380489
15 93 -0.31611
15 94 -0.371622
15 95 0.522488
15 96 0.429411
15 97 -0.571668
15 98 0.402628
15 99 0.70321
16 0 -0.0152413
16 1 0.272597
16 2 0.653641
16 3 0.552475
16 4 0.0279365
16 5 0.863609
16 6 0.0461269
16 7 -0.0354214
16 8 0.0964436
16 9 0.111095
16 10 -0.276118
16 11 0.0198967
16 12 0.208706
16 13 0.00302832
16 14 -0.00417034
16 15 -0.402997
16 16 1
16 17 0.679644
16 18 0.752515
16 19 0.24072
16 20 0.777709
16 21 0.426849
16 22 0.767157
16 23 0.0460315
16 24 0.446517
16 25 0.117231
16 26 0.587066
16 27 -0.00365494
16 28 -0.235764
16 29 0.0315309
16 30 0.319654
16 31 -0.480298
16 32 -0.104223
16 33 0.359728
16 34 0.609479
16 35 0.61939
16 36 0.393492
16 37 0.469158
16 38 0.557924
16 39 0.549773
16 40 0.117012
16 41 -0.318771
16 42 0.555811
16 43 0.383851
16 44 0.762788
16 45 -0.451308
16 46 0.736159
16 47 0.0117499
16 48 0.369053
16 49 0.54462
16 50 0.513253
16 51 0.304098
16 52 0.643614
16 53 0.598628
16 54 0.728014
16 55 0.0833635
16 56 0.0594424
16 57 -0.149965
16 58 0.742399
16 59 0.0485374
16 60 -0.0430941
16 61 0.332134
16 62 0.605405
16 63 0.397223
16 64 0.682743
16 65 0.0399346
16 66 0.0746063
16 67 -0.127318
16 68 0.445011
16 69 0.562591
16 70 0.102792
16 71 -0.182787
16 72 0.513575
16 73 0.0502495
16 74 0.628117
16 75 -0.086834
16 76 0.829361
16 77 0.194482
16 78 0.0181609
16 79 0.85884
16 80 -0.15581
16 81 0.251444
16 82 0.606066
16 83 0.00458278
16 84 0.216122
16 85 0.75655
16 86 -0.177022
16 87 0.57319
16 88 0.820037
16 89 0.775555
16 90 0.181028
16 91 0.452506
16 92 0.0793557
16 93 0.0525564
16 94 0.826178
16 95 -0.0492995
16 96 -0.363096
16 97 0.855261
16 98 0.0985663
16 99 -0.328468
17 0 0.528118
17 1 0.779739
17 2 0.473126
17 3 0.84802
17 4 -0.274486
17 5 0.788998
17 6 0.506489
17 7 0.349136
17 8 0.669878
17 9 0.623841
17 10 0.3149
17 11 0.548125
17 12 0.659549
17 13 0.482662
17 14 -0.584222
17 15 0.0464908
17 16 0.679644
17 17 1
17 18 0.354612
17 19 -0.339053
17 20 0.827045
17 21 0.814499
17 22 0.358032
17 23 0.531916
17 24 0.82048
17 25 0.612008
17 26 0.885498
17 27 0.558248
17 28 0.397361
17 29 0.515375
17 30 0.771069
17 31 -0.0627799
17 32 0.481959
17 33 -0.271341
17 34 0.103141
17 35 0.173302
17 36 0.824795
17 37 0.813611
17 38 0.080489
17 39 0.317072
17 40 0.670262
17 41 0.292574
17 42 -0.020656
17 43 0.7946
17 44 0.543901
17 45 0.213125
17 46 0.363545
17 47 0.582997
17 48 0.166748
17 49 0.0237505
17 50 0.0335997
17 51 0.737012
17 52 0.727758
17 53 0.876917
17 54 0.176426
17 55 0.646562
17 56 0.652228
17 57 0.289709
17 58 0.366707
17 59 0.640134
17 60 -0.409811
17 61 0.646714
17 62 0.721304
17 63 0.871641
17 64 0.787712
17 65 0.611729
17 66 0.692422
17 67 0.440249
17 68 0.684076
17 69 0.0671979
17 70 0.615879
17 71 0.406851
17 72 0.811608
17 73 0.481811
17 74 0.105976
17 75 0.569531
17 76 0.504892
17 77 0.740023
17 78 0.0777001
17 79 0.565229
17 80 0.467232
17 81 0.677926
17 82 0.00329212
17 83 0.532464
17 84 0.694413
17 85 0.778319
17 86 0.311187
17 87 0.735813
17 88 0.54581
17 89 0.610868
17 90 0.747689
17 91 0.843977
17 92 0.641946
17 93 -0.512979
17 94 0.469306
17 95 0.488388
17 96 -0.216503
17 97 0.329977
17 98 0.475112
17 99 0.233305
18 0 -0.379796
18 1 -0.0737797
18 2 0.408728
18 3 0.220218
18 4 0.450929
18 5 0.58583
18 6 -0.287443
18 7 -0.221387
18 8 -0.246733
18 9 -0.274412
18 10 -0.472291
18 11 -0.304772
18 12 -0.266582
18 13 -0.296335
18 14 0.358115
18 15 -0.417521
18 16 0.752515
18 17 0.354612
18 18 1
18 19 0.555336
18 20 0.431873
18 21 0.0969739
18 22 0.711407
18 23 -0.311711
18 24 0.214217
18 25 -0.230048
18 26 0.134951
18 27 -0.277638
18 28 -0.466688
18 29 -0.308029
18 30 -0.0896827
18 31 -0.512796
18 32 -0.418814
18 33 0.536993
18 34 0.8322
18 35 0.648692
18 36 -0.00241015
18 37 0.021564
18 38 0.700841
18 39 0.438493
18 40 -0.148482
18 41 -0.520156
18 42 0.607841
18 43 -0.0159401
18 44 0.611084
18 45 -0.612962
18 46 0.731044
18 47 -0.325562
18 48 0.412084
18 49 0.630512
18 50 0.75769
18 51 -0.0877004
18 52 0.539776
18 53 0.206937
18 54 0.806402
18 55 -0.31743
18 56 -0.228522
18 57 -0.300281
18 58 0.424426
18 59 -0.201154
18 60 0.267402
18 61 -0.0840109
18 62 0.340914
18 63 -0.0139181
18 64 0.212671
18 65 -0.248002
18 66 -0.300862
18 67 -0.482048
18 68 0.20001
18 69 0.691454
18 70 -0.201491
18 71 -0.453345
18 72 0.0869788
18 73 -0.309027
18 74 0.685769
18 75 -0.373913
18 76 0.816674
18 77 -0.216534
18 78 0.272474
18 79 0.64003
18 80 -0.521285
18 81 -0.115551
18 82 0.730332
18 83 -0.146036
18 84 -0.143178
18 85 0.49234
18 86 -0.355452
18 87 0.083014
18 88 0.572357
18 89 0.477533
18 90 -0.170108
18 91 0.0200819
18 92 -0.259886
18 93 0.421051
18 94 0.678205
18 95 -0.376592
18 96 -0.277211
18 97 0.787782
18 98 -0.133741
18 99 -0.570699
19 0 -0.908859
19 1 -0.680645
19 2 -0.248154
19 3 -0.289775
19 4 0.634691
19 5 0.0764708
19 6 -0.857735
19 7 -0.699471
19 8 -0.843399
19 9 -0.603316
19 10 -0.839712
19 11 -0.792484
19 12 -0.789251
19 13 -0.719194
19 14 0.696283
19 15 -0.406451
19 16 0.24072
19 17 -0.339053
19 18 0.555336
19 19 1
19 20 -0.310222
19 21 -0.460677
19 22 0.59232
19 23 -0.798743
19 24 -0.465532
19 25 -0.876885
19 26 -0.509119
19 27 -0.891036
19 28 -0.766605
19 29 -0.717171
19 30 -0.687442
19 31 -0.661848
19 32 -0.822492
19 33 0.824699
19 34 0.751978
19 35 0.51831
19 36 -0.645081
19 37 -0.68146
19 38 0.684749
19 39 0.0574839
19 40 -0.845324
19 41 -0.802956
19 42 0.684781
19 43 -0.659501
19 44 0.236929
19 45 -0.828925
19 46 0.530268
19 47 -0.768342
19 48 0.0362475
19 49 0.827375
19 50 0.693878
19 51 -0.718759
19 52 0.091297
19 53 -0.489938
19 54 0.539305
19 55 -0.882737
19 56 -0.750015
19 57 -0.624646
19 58 0.186267
19 59 -0.7309
19 60 0.765187
19 61 -0.688433
19 62 -0.404442
19 63 -0.664927
19 64 -0.211104
19 65 -0.886344
19 66 -0.835439
19 67 -0.873187
19 68 -0.501544
19 69 0.410084
19 70 -0.618962
19 71 -0.835922
19 72 -0.434922
19 73 -0.689386
19 74 0.571457
19 75 -0.861399
19 76 0.363535
19 77 -0.808768
19 78 0.212045
19 79 0.20585
19 80 -0.884165
19 81 -0.67892
19 82 0.842416
19 83 -0.440616
19 84 -0.788183
19 85 -0.23422
19 86 -0.579013
19 87 -0.449261
19 88 0.0994631
19 89 0.242892
19 90 -0.772776
19 91 -0.714057
19 92 -0.802502
19 93 0.834193
19 94 0.284685
19 95 -0.907314
19 96 -0.370403
19 97 0.619966
19 98 -0.773871
19 99 -0.839136
20 0 0.453123
20 1 0.697406
20 2 0.743968
20 3 0.711888
20 4 -0.34862
20 5 0.759113
20 6 0.546667
20 7 0.375773
20 8 0.537677
20 9 0.397525
20 10 0.171938
20 11 0.440218
20 12 0.634542
20 13 0.350407
20 14 -0.398526
20 15 -0.175205
20 16 0.777709
20 17 0.827045
20 18 0.431873
20 19 -0.310222
20 20 1
20 21 0.624224
20 22 0.432804
20 23 0.473028
20 24 0.758322
20 25 0.583579
20 26 0.77689
20 27 0.473175
20 28 0.189051
20 29 0.410625
20 30 0.689808
20 31 -0.0680063
20 32 0.348643
20 33 -0.106456
20 34 0.216058
20 35 0.372842
20 36 0.74069
20 37 0.808951
20 38 0.193431
20 39 0.545183
20 40 0.587033
20 41 0.115116
20 42 0.195115
20 43 0.712519
20 44 0.591936
20 45 0.0152338
20 46 0.418402
20 47 0.428816
20 48 0.408792
20 49 0.0256425
20 50 0.118714
20 51 0.71028
20 52 0.628982
20 53 0.829793
20 54 0.422699
20 55 0.556182
20 56 0.46101
20 57 0.19351
20 58 0.613801
20 59 0.392931
20 60 -0.457408
20 61 0.648087
20 62 0.830566
20 63 0.763042
20 64 0.691885
20 65 0.492948
20 66 0.550709
20 67 0.328086
20 68 0.747095
20 69 0.337209
20 70 0.375747
20 71 0.28674
20 72 0.663333
20 73 0.392178
20 74 0.302751
20 75 0.368757
20 76 0.612347
20 77 0.646913
20 78 -0.0497623
20 79 0.641051
20 80 0.316799
20 81 0.607689
20 82 0.170347
20 83 0.267727
20 84 0.631962
20 85 0.885163
20 86 0.0670219
20 87 0.759949
20 88 0.724943
20 89 0.490589
20 90 0.609289
20 91 0.838063
20 92 0.508653
20 93 -0.406215
20 94 0.622878
20 95 0.427639
20 96 -0.200458
20 97 0.475753
20 98 0.49417
20 99 0.15386
21 0 0.612786
21 1 0.767622
21 2 0.334667
21 3 0.80298
21 4 -0.208544
21 5 0.67364
21 6 0.527508
21 7 0.271224
21 8 0.632628
21 9 0.752604
21 10 0.357085
21 11 0.539721
21 12 0.598361
21 13 0.406855
21 14 -0.740129
21 15 0.165271
21 16 0.426849
21 17 0.814499
21 18 0.0969739
21 19 -0.460677
21 20 0.624224
21 21 1
21 22 0.109834
21 23 0.452573
21 24 0.695087
21 25 0.572722
21 26 0.822651
21 27 0.652026
21 28 0.394273
21 29 0.625358
21 30 0.616296
21 31 -0.0130466
21 32 0.486993
21 33 -0.517327
21 34 -0.125809
21 35 0.0826557
21 36 0.731617
21 37 0.713714
21 38 0.0310394
21 39 -0.0244741
21 40 0.624546
21 41 0.371662
21 42 -0.332997
21 43 0.731175
21 44 0.495909
21 45 0.320094
21 46 0.243211
21 47 0.509208
21 48 -0.158394
21 49 -0.035619
21 50 -0.0869364
21 51 0.661327
21 52 0.615829
21 53 0.847685
21 54 -0.0902486
21 55 0.708059
21 56 0.66347
21 57 0.279138
21 58 0.13516
21 59 0.791434
21 60 -0.452199
21 61 0.57076
21 62 0.51255
21 63 0.771742
21 64 0.743247
21 65 0.670849
21 66 0.732884
21 67 0.532665
21 68 0.454991
21 69 -0.103033
21 70 0.651279
21 71 0.461354
21 72 0.748125
21 73 0.488902
21 74 -0.202913
21 75 0.631459
21 76 0.189596
21 77 0.758186
21 78 0.169229
21 79 0.303874
21 80 0.51658
21 81 0.571126
21 82 -0.187729
21 83 0.635335
21 84 0.629885
21 85 0.705774
21 86 0.599097
21 87 0.721981
21 88 0.360793
21 89 0.4784
21 90 0.648041
21 91 0.789456
21 92 0.750552
21 93 -0.661753
21 94 0.169706
21 95 0.520517
21 96 0.0163877
21 97 0.0594679
21 98 0.513616
21 99 0.30231
22 0 -0.463706
22 1 -0.0740742
22 2 0.248713
22 3 0.299029
22 4 0.214816
22 5 0.655768
22 6 -0.421115
22 7 -0.431462
22 8 -0.326355
22 9 -0.197643
22 10 -0.591809
22 11 -0.301089
22 12 -0.183621
22 13 -0.390698
22 14 0.216699
22 15 -0.587798
22 16 0.767157
22 17 0.358032
22 18 0.711407
22 19 0.59232
22 20 0.432804
22 21 0.109834
22 22 1
22 23 -0.337899
22 24 0.148843
22 25 -0.313773
22 26 0.183061
22 27 -0.470719
22 28 -0.477836
22 29 -0.41412
22 30 -0.0443579
22 31 -0.779587
22 32 -0.447898
22 33 0.542077
22 34 0.793712
22 35 0.66534
22 36 0.0504782
22 37 0.0189472
22 38 0.678721
22 39 0.378967
22 40 -0.268323
22 41 -0.607722
22 42 0.657414
22 43 -0.0935743
22 44 0.597329
22 45 -0.691535
22 46 0.80648
22 47 -0.340608
22 48 0.189936
22 49 0.769237
22 50 0.68842
22 51 -0.0399919
22 52 0.52741
22 53 0.172051
22 54 0.657873
22 55 -0.348331
22 56 -0.225918
22 57 -0.472842
22 58 0.563272
22 59 -0.305363
22 60 0.267116
22 61 -0.100018
22 62 0.162114
22 63 0.0315816
22 64 0.38828
22 65 -0.403609
22 66 -0.273467
22 67 -0.50241
22 68 0.00276449
22 69 0.580258
22 70 -0.269668
22 71 -0.520339
22 72 0.186237
22 73 -0.36668
22 74 0.673604
22 75 -0.449045
22 76 0.782217
22 77 -0.202414
22 78 0.0854627
22 79 0.626552
22 80 -0.493205
22 81 -0.0756273
22 82 0.794452
22 83 -0.113895
22 84 -0.237989
22 85 0.35864
22 86 -0.455231
22 87 0.20159
22 88 0.648005
22 89 0.581394
22 90 -0.182865
22 91 0.0282379
22 92 -0.361167
22 93 0.349235
22 94 0.717813
22 95 -0.481879
22 96 -0.551867
22 97 0.88776
22 98 -0.420253
22 99 -0.624886
23 0 0.869677
23 1 0.668921
23 2 0.296482
23 3 0.566337
23 4 -0.741266
23 5 0.0811753
23 6 0.876785
23 7 0.842066
23 8 0.913077
23 9 0.490939
23 10 0.880724
23 11 0.879039
23 12 0.875152
23 13 0.890391
23 14 -0.499931
23 15 0.527264
23 16 0.0460315
23 17 0.531916
23 18 -0.311711
23 19 -0.798743
23 20 0.473028
23 21 0.452573
23 22 -0.337899
23 23 1
23 24 0.669872
23 25 0.868571
23 26 0.627481
23 27 0.79203
23 28 0.857975
23 29 0.756347
23 30 0.859765
23 31 0.687722
23 32 0.931629
23 33 -0.513005
23 34 -0.600054
23 35 -0.260205
23 36 0.782856
23 37 0.824225
23 38 -0.455332
23 39 0.122558
23 40 0.823598
23 41 0.829814
23 42 -0.273007
23 43 0.784007
23 44 -0.158718
23 45 0.807917
23 46 -0.416822
23 47 0.892969
23 48 0.292102
23 49 -0.60703
23 50 -0.592128
23 51 0.808343
23 52 0.120214
23 53 0.568155
23 54 -0.397253
23 55 0.823384
23 56 0.762178
23 57 0.820117
23 58 0.0924045
23 59 0.630724
23 60 -0.534844
23 61 0.850236
23 62 0.638268
23 63 0.808447
23 64 0.460466
23 65 0.809268
23 66 0.855236
23 67 0.87246
23 68 0.744044
23 69 -0.270078
23 70 0.719623
23 71 0.840071
23 72 0.707784
23 73 0.819821
23 74 -0.159185
23 75 0.851905
23 76 -0.111199
23 77 0.840024
23 78 -0.267281
23 79 0.097186
23 80 0.891137
23 81 0.854702
23 82 -0.625276
23 83 0.320874
23 84 0.909112
23 85 0.342535
23 86 0.475746
23 87 0.5512
23 88 0.132863
23 89 0.110824
23 90 0.860993
23 91 0.718827
23 92 0.69169
23 93 -0.623798
23 94 0.0425424
23 95 0.876859
23 96 0.26998
23 97 -0.340679
23 98 0.774711
23 99 0.863488
24 0 0.604155
24 1 0.741336
24 2 0.360059
24 3 0.831057
24 4 -0.399442
24 5 0.54573
24 6 0.640152
24 7 0.577356
24 8 0.720352
24 9 0.509843
24 10 0.488786
24 11 0.656605
24 12 0.679443
24 13 0.565579
24 14 -0.551165
24 15 0.245182
24 16 0.446517
24 17 0.82048
24 18 0.214217
24 19 -0.465532
24 20 0.758322
24 21 0.695087
24 22 0.148843
24 23 0.669872
24 24 1
24 25 0.678051
24 26 0.73597
24 27 0.621537
24 28 0.571959
24 29 0.561403
24 30 0.781049
24 31 0.224875
24 32 0.627435
24 33 -0.376392
24 34 -0.0229698
24 35 0.154344
24 36 0.795553
24 37 0.786259
24 38 0.0125931
24 39 0.225194
24 40 0.771305
24 41 0.472019
24 42 -0.0826521
24 43 0.767706
24 44 0.331912
24 45 0.423235
24 46 0.0977686
24 47 0.642631
24 48 0.313137
24 49 -0.17069
24 50 -0.0648047
24 51 0.792575
24 52 0.638513
24 53 0.734185
24 54 0.0114985
24 55 0.675635
24 56 0.709064
24 57 0.533709
24 58 0.252827
24 59 0.62022
24 60 -0.342599
24 61 0.689963
24 62 0.73283
24 63 0.862389
24 64 0.59367
24 65 0.66068
24 66 0.779164
24 67 0.51786
24 68 0.734709
24 69 0.036915
24 70 0.678447
24 71 0.560828
24 72 0.733083
24 73 0.531144
24 74 0.0951626
24 75 0.663146
24 76 0.383655
24 77 0.748753
24 78 0.101454
24 79 0.404144
24 80 0.571363
24 81 0.750213
24 82 -0.13715
24 83 0.523136
24 84 0.755964
24 85 0.670573
24 86 0.32574
24 87 0.627735
24 88 0.420066
24 89 0.367046
24 90 0.768393
24 91 0.814729
24 92 0.603284
24 93 -0.518942
24 94 0.410199
24 95 0.598064
24 96 -0.0309607
24 97 0.102586
24 98 0.543521
24 99 0.43008
25 0 0.934517
25 1 0.773557
25 2 0.506421
25 3 0.514642
25 4 -0.661124
25 5 0.184811
25 6 0.910134
25 7 0.784271
25 8 0.9355
25 9 0.621201
25 10 0.837798
25 11 0.862408
25 12 0.892547
25 13 0.83803
25 14 -0.64737
25 15 0.353537
25 16 0.117231
25 17 0.612008
25 18 -0.230048
25 19 -0.876885
25 20 0.583579
25 21 0.572722
25 22 -0.313773
25 23 0.868571
25 24 0.678051
25 25 1
25 26 0.712797
25 27 0.918874
25 28 0.772114
25 29 0.729298
25 30 0.875591
25 31 0.587899
25 32 0.841567
25 33 -0.658635
25 34 -0.536801
25 35 -0.282986
25 36 0.836809
25 37 0.889398
25 38 -0.474249
25 39 0.2203
25 40 0.943061
25 41 0.770768
25 42 -0.440319
25 43 0.836346
25 44 -0.0539387
25 45 0.74035
25 46 -0.278781
25 47 0.845036
25 48 0.19378
25 49 -0.635619
25 50 -0.543558
25 51 0.888062
25 52 0.180832
25 53 0.708572
25 54 -0.272173
25 55 0.908545
25 56 0.836345
25 57 0.676532
25 58 0.0789388
25 59 0.787011
25 60 -0.69904
25 61 0.887608
25 62 0.695464
25 63 0.847978
25 64 0.445519
25 65 0.920536
25 66 0.880497
25 67 0.850762
25 68 0.760016
25 69 -0.219581
25 70 0.712364
25 71 0.821618
25 72 0.65582
25 73 0.756978
25 74 -0.288312
25 75 0.889454
25 76 -0.0349419
25 77 0.883974
25 78 -0.271006
25 79 0.137152
25 80 0.878219
25 81 0.87983
25 82 -0.642647
25 83 0.460226
25 84 0.944137
25 85 0.495126
25 86 0.44086
25 87 0.610073
25 88 0.223097
25 89 0.0740477
25 90 0.901799
25 91 0.858589
25 92 0.840414
25 93 -0.775767
25 94 0.0427579
25 95 0.949267
25 96 0.274517
25 97 -0.346132
25 98 0.815925
25 99 0.762195
26 0 0.68112
26 1 0.785275
26 2 0.563854
26 3 0.782199
26 4 -0.412391
26 5 0.728293
26 6 0.590613
26 7 0.413851
26 8 0.754455
26 9 0.69087
26 10 0.433707
26 11 0.592528
26 12 0.725466
26 13 0.561605
26 14 -0.647017
26 15 0.120809
26 16 0.587066
26 17 0.885498
26 18 0.134951
26 19 -0.509119
26 20 0.77689
26 21 0.822651
26 22 0.183061
26 23 0.627481
26 24 0.73597
26 25 0.712797
26 26 1
26 27 0.688586
26 28 0.474928
26 29 0.611097
26 30 0.817081
26 31 0.042911
26 32 0.584075
26 33 -0.373532
26 34 -0.0940648
26 35 -0.0228026
26 36 0.853035
26 37 0.86726
26 38 -0.109028
26 39 0.195962
26 40 0.716335
26 41 0.383491
26 42 -0.130327
26 43 0.867652
26 44 0.454301
26 45 0.326899
26 46 0.205957
26 47 0.667775
26 48 0.0627031
26 49 -0.110582
26 50 -0.0967091
26 51 0.751348
26 52 0.465868
26 53 0.900598
26 54 0.0487402
26 55 0.751644
26 56 0.69945
26 57 0.382212
26 58 0.292963
26 59 0.717544
26 60 -0.540533
26 61 0.77018
26 62 0.735178
26 63 0.884646
26 64 0.818976
26 65 0.731637
