0 WDC
1 NFLX
2 AAPL
3 SRCL
4 CTRX
5 SBAC
6 XLNX
7 NXPI
8 LMCA
9 VRTX
10 SPLS
11 MYL
12 SIAL
13 HSIC
14 CTSH
15 AMZN
16 MAR
17 MAT
18 VRSK
19 VIP
20 BRCM
21 ROST
22 WFM
23 CHKP
24 GRMN
25 ESRX
26 REGN
27 AMAT
28 CHTR
29 KLAC
30 DTV
31 AVGO
32 PCLN
33 CTXS
34 SYMC
35 DISCA
36 PAYX
37 SIRI
38 DISCK
39 FFIV
40 ORLY
41 LVNTA
42 QCOM
43 YHOO
44 VOD
45 MU
46 MDLZ
47 GMCR
48 AMGN
49 FB
50 COST
51 FISV
52 WYNN
53 ADSK
54 MSFT
55 DLTR
56 SNDK
57 FAST
58 BBBY
59 EXPE
60 EXPD
61 LLTC
62 ADP
63 GILD
64 CA
65 ILMN
66 TRIP
67 ADI
68 CHRW
69 TSCO
70 NTAP
71 VIAB
72 BIDU
73 EBAY
74 SBUX
75 CMCSA
76 NVDA
77 ADBE
78 LBTYA
79 TSLA
80 KRFT
81 MXIM
82 DISH
83 PCAR
84 TXN
85 MNST
86 BIIB
87 ATVI
88 CELG
89 GOOG
90 AKAM
91 INTC
92 INTU
93 ALXN
94 STX
95 ISRG
96 EQIX
97 CERN
98 CSCO
99 ALTR
END
0 0 1
0 1 0.790582
0 2 0.754159
0 3 0.113594
0 4 -0.622448
0 5 0.870677
0 6 0.688628
0 7 0.895221
0 8 -0.328074
0 9 -0.280608
0 10 -0.71722
0 11 0.890237
0 12 0.928932
0 13 0.889165
0 14 -0.0558521
0 15 0.602023
0 16 0.906698
0 17 -0.504328
0 18 -0.121004
0 19 -0.346875
0 20 0.178878
0 21 0.237355
0 22 -0.389234
0 23 0.908533
0 24 0.804222
0 25 0.867007
0 26 0.633674
0 27 0.810441
0 28 0.307572
0 29 0.810748
0 30 0.850012
0 31 0.91475
0 32 0.88542
0 33 -0.636219
0 34 -0.719441
0 35 0.0867297
0 36 0.631184
0 37 -0.503692
0 38 0.274823
0 39 0.802583
0 40 0.840569
0 41 0.396286
0 42 0.902895
0 43 0.810475
0 44 0.767113
0 45 0.906189
0 46 0.832969
0 47 0.630483
0 48 0.728631
0 49 0.837342
0 50 0.000558507
0 51 -0.806034
0 52 0.927694
0 53 0.913939
0 54 0.845837
0 55 -0.16547
0 56 0.837818
0 57 0.0571243
0 58 -0.572449
0 59 0.858513
0 60 0.0480988
0 61 0.95121
0 62 0.77857
0 63 0.855256
0 64 0.569303
0 65 0.904071
0 66 0.741087
0 67 0.842927
0 68 -0.471523
0 69 -0.755337
0 70 -0.366323
0 71 0.682507
0 72 0.692636
0 73 0.340135
0 74 0.156835
0 75 0.893768
0 76 0.818301
0 77 0.926321
0 78 -0.468568
0 79 0.683794
0 80 0.28531
0 81 0.688422
0 82 0.939094
0 83 0.838258
0 84 0.894777
0 85 0.83688
0 86 0.901108
0 87 0.782335
0 88 0.528704
0 89 0.077592
0 90 0.636558
0 91 0.771836
0 92 0.893882
0 93 0.867823
0 94 0.884323
0 95 -0.0258047
0 96 0.163521
0 97 -0.197147
0 98 -0.574824
0 99 -0.227095
1 0 0.790582
1 1 1
1 2 0.726705
1 3 0.340803
1 4 -0.420606
1 5 0.851483
1 6 0.676937
1 7 0.77401
1 8 0.0291297
1 9 -0.168696
1 10 -0.622889
1 11 0.880822
1 12 0.785935
1 13 0.896091
1 14 0.278708
1 15 0.719112
1 16 0.707354
1 17 -0.52679
1 18 0.30684
1 19 -0.0736984
1 20 -0.130864
1 21 0.46015
1 22 -0.093077
1 23 0.882962
1 24 0.753327
1 25 0.783573
1 26 0.83178
1 27 0.715799
1 28 0.461084
1 29 0.765725
1 30 0.627261
1 31 0.769742
1 32 0.949164
1 33 -0.490463
1 34 -0.50901
1 35 0.288925
1 36 0.694179
1 37 -0.107184
1 38 0.4841
1 39 0.77842
1 40 0.795629
1 41 0.602863
1 42 0.791149
1 43 0.863379
1 44 0.867559
1 45 0.847375
1 46 0.715994
1 47 0.559676
1 48 0.882573
1 49 0.927317
1 50 0.213096
1 51 -0.5447
1 52 0.892409
1 53 0.916509
1 54 0.634897
1 55 0.17607
1 56 0.643657
1 57 -0.0344476
1 58 -0.327195
1 59 0.686628
1 60 0.263663
1 61 0.816666
1 62 0.766788
1 63 0.914091
1 64 0.684388
1 65 0.851388
1 66 0.864999
1 67 0.648759
1 68 -0.39209
1 69 -0.756072
1 70 -0.0468821
1 71 0.825702
1 72 0.855073
1 73 0.428751
1 74 0.461458
1 75 0.863415
1 76 0.696852
1 77 0.912116
1 78 -0.203404
1 79 0.763415
1 80 -0.0536008
1 81 0.607517
1 82 0.848129
1 83 0.661751
1 84 0.803066
1 85 0.642971
1 86 0.91178
1 87 0.746762
1 88 0.763651
1 89 0.376768
1 90 0.725917
1 91 0.403096
1 92 0.87396
1 93 0.867669
1 94 0.63142
1 95 -0.22845
1 96 -0.0082334
1 97 -0.278468
1 98 -0.725831
1 99 0.00362193
2 0 0.754159
2 1 0.726705
2 2 1
2 3 0.249031
2 4 -0.557403
2 5 0.820376
2 6 0.44766
2 7 0.795473
2 8 0.0046816
2 9 -0.549162
2 10 -0.552729
2 11 0.783114
2 12 0.818573
2 13 0.83475
2 14 -0.00797165
2 15 0.523299
2 16 0.795613
2 17 -0.340168
2 18 0.125339
2 19 -0.0994509
2 20 -0.229297
2 21 0.410883
2 22 -0.365886
2 23 0.783792
2 24 0.834862
2 25 0.511162
2 26 0.555784
2 27 0.721797
2 28 0.581235
2 29 0.665901
2 30 0.701324
2 31 0.791877
2 32 0.800981
2 33 -0.417231
2 34 -0.411033
2 35 0.0558032
2 36 0.694105
2 37 -0.278821
2 38 0.272413
2 39 0.622661
2 40 0.71363
2 41 0.142182
2 42 0.877781
2 43 0.76921
2 44 0.775572
2 45 0.860328
2 46 0.920203
2 47 0.429604
2 48 0.619543
2 49 0.795614
2 50 0.266025
2 51 -0.451292
2 52 0.735752
2 53 0.784537
2 54 0.713504
2 55 0.145908
2 56 0.802304
2 57 0.109937
2 58 -0.369967
2 59 0.523216
2 60 0.498482
2 61 0.737388
2 62 0.826348
2 63 0.846321
2 64 0.487389
2 65 0.676025
2 66 0.713173
2 67 0.697529
2 68 -0.0811676
2 69 -0.752026
2 70 -0.304355
2 71 0.777205
2 72 0.821908
2 73 -0.0203277
2 74 0.436383
2 75 0.795169
2 76 0.703058
2 77 0.747691
2 78 -0.363879
2 79 0.585845
2 80 0.108712
2 81 0.580305
2 82 0.819215
2 83 0.606558
2 84 0.858128
2 85 0.517778
2 86 0.69831
2 87 0.76726
2 88 0.676185
2 89 -0.0955398
2 90 0.461214
2 91 0.600237
2 92 0.836071
2 93 0.698348
2 94 0.640505
2 95 -0.490452
2 96 -0.105875
2 97 -0.363442
2 98 -0.57524
2 99 -0.28736
3 0 0.113594
3 1 0.340803
3 2 0.249031
3 3 1
3 4 0.107927
3 5 0.190078
3 6 0.221564
3 7 0.0316475
3 8 0.693521
3 9 0.0266351
3 10 0.194247
3 11 0.21757
3 12 0.105462
3 13 0.425366
3 14 0.510915
3 15 0.503487
3 16 -0.00532226
3 17 0.0927599
3 18 0.673392
3 19 0.475362
3 20 -0.55323
3 21 0.549585
3 22 0.457272
3 23 0.336366
3 24 0.166541
3 25 0.148079
3 26 0.377349
3 27 0.119985
3 28 0.607009
3 29 0.295164
3 30 -0.0503427
3 31 0.00443332
3 32 0.323481
3 33 0.0346859
3 34 0.300532
3 35 0.595667
3 36 0.586177
3 37 0.620703
3 38 0.616049
3 39 0.129933
3 40 0.163728
3 41 0.34546
3 42 0.127124
3 43 0.391046
3 44 0.419663
3 45 0.141682
3 46 0.241246
3 47 -0.230665
3 48 0.463602
3 49 0.298982
3 50 0.654485
3 51 0.214217
3 52 0.127052
3 53 0.208811
3 54 -0.0799047
3 55 0.625769
3 56 -0.0149216
3 57 -0.0798829
3 58 0.37
3 59 -0.0615048
3 60 0.514932
3 61 0.182542
3 62 0.4732
3 63 0.380406
3 64 0.594108
3 65 0.0720315
3 66 0.271981
3 67 0.16906
3 68 0.326045
3 69 -0.205731
3 70 0.494989
3 71 0.475202
3 72 0.504958
3 73 0.0867544
3 74 0.683743
3 75 0.412164
3 76 -0.0305657
3 77 0.209154
3 78 0.3385
3 79 0.15651
3 80 -0.163379
3 81 -0.0775477
3 82 0.212709
3 83 0.0456379
3 84 0.238662
3 85 0.0122091
3 86 0.18279
3 87 0.17995
3 88 0.663324
3 89 0.366839
3 90 0.0797045
3 91 -0.249922
3 92 0.325466
3 93 0.162435
3 94 0.140343
3 95 -0.565919
3 96 -0.361706
3 97 -0.604961
3 98 -0.221571
3 99 0.16415
4 0 -0.622448
4 1 -0.420606
4 2 -0.557403
4 3 0.107927
4 4 1
4 5 -0.621366
4 6 -0.346181
4 7 -0.664219
4 8 0.306105
4 9 0.606167
4 10 0.564025
4 11 -0.587139
4 12 -0.599399
4 13 -0.508447
4 14 0.340548
4 15 -0.248167
4 16 -0.728523
4 17 0.26075
4 18 0.313964
4 19 0.340111
4 20 -0.238085
4 21 -0.226519
4 22 0.360477
4 23 -0.49886
4 24 -0.720724
4 25 -0.338955
4 26 -0.416938
4 27 -0.678512
4 28 -0.244863
4 29 -0.594025
4 30 -0.679751
4 31 -0.692073
4 32 -0.549658
4 33 0.62158
4 34 0.706067
4 35 0.0904783
4 36 -0.302389
4 37 0.573604
4 38 -0.0693481
4 39 -0.396356
4 40 -0.501681
4 41 0.0445961
4 42 -0.650456
4 43 -0.510022
4 44 -0.512195
4 45 -0.672818
4 46 -0.599375
4 47 -0.295445
4 48 -0.273144
4 49 -0.487428
4 50 -0.0336848
4 51 0.443977
4 52 -0.563152
4 53 -0.531496
4 54 -0.797758
4 55 0.0395199
4 56 -0.730754
4 57 -0.338205
4 58 0.422457
4 59 -0.596585
4 60 -0.0448145
4 61 -0.5688
4 62 -0.480635
4 63 -0.478507
4 64 -0.0746775
4 65 -0.519383
4 66 -0.398198
4 67 -0.542762
4 68 0.179647
4 69 0.694287
4 70 0.645388
4 71 -0.343995
4 72 -0.360292
4 73 -0.125515
4 74 -0.0652256
4 75 -0.508257
4 76 -0.650516
4 77 -0.601397
4 78 0.624778
4 79 -0.418082
4 80 -0.30284
4 81 -0.61063
4 82 -0.637838
4 83 -0.612482
4 84 -0.641365
4 85 -0.328962
4 86 -0.540281
4 87 -0.489815
4 88 -0.178393
4 89 0.346976
4 90 -0.339923
4 91 -0.721952
4 92 -0.605988
4 93 -0.483239
4 94 -0.632455
4 95 0.0681154
4 96 -0.0654516
4 97 0.0674484
4 98 0.454548
4 99 0.329186
5 0 0.870677
5 1 0.851483
5 2 0.820376
5 3 0.190078
5 4 -0.621366
5 5 1
5 6 0.570336
5 7 0.88836
5 8 -0.203892
5 9 -0.340826
5 10 -0.676644
5 11 0.865176
5 12 0.892437
5 13 0.891111
5 14 -0.0078938
5 15 0.561353
5 16 0.895665
5 17 -0.50599
5 18 0.0317999
5 19 -0.254183
5 20 0.0899485
5 21 0.362379
5 22 -0.391153
5 23 0.85345
5 24 0.841086
5 25 0.723521
5 26 0.73753
5 27 0.84315
5 28 0.491972
5 29 0.789016
5 30 0.859315
5 31 0.914057
5 32 0.879223
5 33 -0.644662
5 34 -0.686221
5 35 0.0631155
5 36 0.608555
5 37 -0.391741
5 38 0.27566
5 39 0.754336
5 40 0.827343
5 41 0.322716
5 42 0.864944
5 43 0.782412
5 44 0.809167
5 45 0.92427
5 46 0.878962
5 47 0.595518
5 48 0.730132
5 49 0.854966
5 50 0.164022
5 51 -0.653726
5 52 0.891883
5 53 0.902346
5 54 0.83422
5 55 0.0223998
5 56 0.896139
5 57 0.0732103
5 58 -0.554432
5 59 0.799011
5 60 0.286063
5 61 0.82915
5 62 0.782763
5 63 0.922789
5 64 0.498095
5 65 0.888541
5 66 0.790311
5 67 0.761314
5 68 -0.260097
5 69 -0.830587
5 70 -0.409767
5 71 0.709818
5 72 0.72508
5 73 0.233093
5 74 0.282667
5 75 0.882176
5 76 0.798907
5 77 0.919029
5 78 -0.428658
5 79 0.682412
5 80 0.261045
5 81 0.731786
5 82 0.887166
5 83 0.751107
5 84 0.865067
5 85 0.72604
5 86 0.875992
5 87 0.788035
5 88 0.582962
5 89 0.0653396
5 90 0.639816
5 91 0.705329
5 92 0.890836
5 93 0.880916
5 94 0.754954
5 95 -0.186971
5 96 0.17052
5 97 -0.187627
5 98 -0.56904
5 99 -0.237956
6 0 0.688628
6 1 0.676937
6 2 0.44766
6 3 0.221564
6 4 -0.346181
6 5 0.570336
6 6 1
6 7 0.753083
6 8 -0.0904766
6 9 -0.0788779
6 10 -0.707424
6 11 0.799504
6 12 0.669271
6 13 0.731125
6 14 -0.142158
6 15 0.357214
6 16 0.666519
6 17 -0.694196
6 18 0.0334347
6 19 -0.328769
6 20 -0.0998174
6 21 0.28477
6 22 -0.093064
6 23 0.816385
6 24 0.737175
6 25 0.77267
6 26 0.793621
6 27 0.772671
6 28 0.127647
6 29 0.816987
6 30 0.595044
6 31 0.68437
6 32 0.741518
6 33 -0.166293
6 34 -0.429754
6 35 0.169744
6 36 0.434455
6 37 -0.180725
6 38 0.328915
6 39 0.846658
6 40 0.820912
6 41 0.442453
6 42 0.725613
6 43 0.550901
6 44 0.595825
6 45 0.60518
6 46 0.548526
6 47 0.661628
6 48 0.834304
6 49 0.786324
6 50 -0.0303784
6 51 -0.539449
6 52 0.768609
6 53 0.648159
6 54 0.488118
6 55 0.0243331
6 56 0.533774
6 57 0.352202
6 58 -0.344342
6 59 0.530098
6 60 -0.0293546
6 61 0.81426
6 62 0.481752
6 63 0.604872
6 64 0.42131
6 65 0.732511
6 66 0.755039
6 67 0.792218
6 68 -0.507369
6 69 -0.451119
6 70 -0.142467
6 71 0.754495
6 72 0.609487
6 73 0.640975
6 74 0.220494
6 75 0.590649
6 76 0.77951
6 77 0.763555
6 78 -0.514315
6 79 0.871558
6 80 0.289567
6 81 0.740268
6 82 0.749358
6 83 0.858833
6 84 0.787323
6 85 0.563705
6 86 0.719494
6 87 0.814536
6 88 0.429041
6 89 0.109281
6 90 0.859366
6 91 0.34254
6 92 0.697852
6 93 0.763984
6 94 0.472692
6 95 -0.0565125
6 96 0.0865574
6 97 -0.378088
6 98 -0.332873
6 99 0.478925
7 0 0.895221
7 1 0.77401
7 2 0.795473
7 3 0.0316475
7 4 -0.664219
7 5 0.88836
7 6 0.753083
7 7 1
7 8 -0.378505
7 9 -0.367048
7 10 -0.857691
7 11 0.929878
7 12 0.940351
7 13 0.849903
7 14 -0.290688
7 15 0.354307
7 16 0.973785
7 17 -0.710201
7 18 -0.190214
7 19 -0.524111
7 20 0.098717
7 21 0.185785
7 22 -0.524817
7 23 0.893248
7 24 0.922381
7 25 0.779615
7 26 0.711574
7 27 0.899813
7 28 0.330929
7 29 0.80278
7 30 0.925382
7 31 0.971371
7 32 0.862549
7 33 -0.48809
7 34 -0.711731
7 35 -0.111339
7 36 0.460201
7 37 -0.56918
7 38 0.116219
7 39 0.886152
7 40 0.942546
7 41 0.196974
7 42 0.952955
7 43 0.66913
7 44 0.699784
7 45 0.924726
7 46 0.859026
7 47 0.787463
7 48 0.716138
7 49 0.871995
7 50 -0.0541781
7 51 -0.74313
7 52 0.914745
7 53 0.846698
7 54 0.846388
7 55 -0.175114
7 56 0.920914
7 57 0.215993
7 58 -0.681293
7 59 0.787576
7 60 0.0856899
7 61 0.901345
7 62 0.672826
7 63 0.836844
7 64 0.343339
7 65 0.928173
7 66 0.800871
7 67 0.878215
7 68 -0.441838
7 69 -0.718271
7 70 -0.523571
7 71 0.729344
7 72 0.659724
7 73 0.330737
7 74 0.100726
7 75 0.794902
7 76 0.955724
7 77 0.912777
7 78 -0.693138
7 79 0.838214
7 80 0.399955
7 81 0.883436
7 82 0.934592
7 83 0.912262
7 84 0.938932
7 85 0.751143
7 86 0.86298
7 87 0.917016
7 88 0.419571
7 89 -0.154851
7 90 0.782062
7 91 0.716982
7 92 0.859871
7 93 0.92472
7 94 0.66768
7 95 -0.117612
7 96 0.22533
7 97 -0.261526
7 98 -0.452172
7 99 -0.0362087
8 0 -0.328074
8 1 0.0291297
8 2 0.0046816
8 3 0.693521
8 4 0.306105
8 5 -0.203892
8 6 -0.0904766
8 7 -0.378505
8 8 1
8 9 -0.103475
8 10 0.563732
8 11 -0.173639
8 12 -0.351907
8 13 0.0437796
8 14 0.60725
8 15 0.355948
8 16 -0.426468
8 17 0.474177
8 18 0.831096
8 19 0.836936
8 20 -0.72243
8 21 0.65624
8 22 0.766019
8 23 -0.085787
8 24 -0.110281
8 25 -0.352888
8 26 0.112278
8 27 -0.202641
8 28 0.352054
8 29 0.0295638
8 30 -0.520023
8 31 -0.419628
8 32 -0.0227172
8 33 0.255889
8 34 0.569337
8 35 0.654315
8 36 0.433559
8 37 0.839998
8 38 0.610619
8 39 -0.342003
8 40 -0.289591
8 41 0.241891
8 42 -0.233035
8 43 0.144088
8 44 0.201927
8 45 -0.255307
8 46 -0.0957655
8 47 -0.600874
8 48 0.150272
8 49 -0.0383678
8 50 0.737712
8 51 0.666628
8 52 -0.282705
8 53 -0.190719
8 54 -0.385263
8 55 0.867101
8 56 -0.390814
8 57 0.0548324
8 58 0.812134
8 59 -0.483354
8 60 0.581632
8 61 -0.23508
8 62 0.174981
8 63 -0.0441828
8 64 0.386763
8 65 -0.416311
8 66 0.012174
8 67 -0.207013
8 68 0.498089
8 69 0.0379081
8 70 0.59482
8 71 0.254168
8 72 0.308689
8 73 -0.107668
8 74 0.799236
8 75 -0.048886
8 76 -0.387976
8 77 -0.195452
8 78 0.590749
8 79 -0.177687
8 80 -0.431312
8 81 -0.41729
8 82 -0.196091
8 83 -0.340873
8 84 -0.118298
8 85 -0.494
8 86 -0.233052
8 87 -0.172832
8 88 0.503181
8 89 0.376438
8 90 -0.247899
8 91 -0.512872
8 92 -0.023704
8 93 -0.311727
8 94 -0.192449
8 95 -0.587957
8 96 -0.679338
8 97 -0.385375
8 98 -0.181603
8 99 0.200932
9 0 -0.280608
9 1 -0.168696
9 2 -0.549162
9 3 0.0266351
9 4 0.606167
9 5 -0.340826
9 6 -0.0788779
9 7 -0.367048
9 8 -0.103475
9 9 1
9 10 0.194622
9 11 -0.306207
9 12 -0.258206
9 13 -0.342559
9 14 0.222623
9 15 -0.161214
9 16 -0.408219
9 17 -0.0504676
9 18 0.118776
9 19 -0.0295846
9 20 0.301841
9 21 -0.478283
9 22 0.150158
9 23 -0.298101
9 24 -0.541266
9 25 0.0613083
9 26 -0.072761
9 27 -0.382908
9 28 -0.1969
9 29 -0.36972
9 30 -0.276121
9 31 -0.315309
9 32 -0.297163
9 33 0.364562
9 34 0.236736
9 35 0.0248558
9 36 -0.362631
9 37 0.301174
9 38 -0.109459
9 39 -0.0554511
9 40 -0.19066
9 41 0.161849
9 42 -0.470144
9 43 -0.308001
9 44 -0.360092
9 45 -0.377536
9 46 -0.498643
9 47 0.0773009
9 48 -0.102203
9 49 -0.27583
9 50 -0.356578
9 51 -0.0538282
9 52 -0.190455
9 53 -0.19686
9 54 -0.521926
9 55 -0.251168
9 56 -0.437268
9 57 -0.266833
9 58 0.0149026
9 59 -0.0948191
9 60 -0.297469
9 61 -0.268055
9 62 -0.38451
9 63 -0.233996
9 64 -0.0831174
9 65 -0.10227
9 66 -0.279376
9 67 -0.395536
9 68 -0.112082
9 69 0.488352
9 70 0.436853
9 71 -0.320728
9 72 -0.359808
9 73 0.309465
9 74 -0.394074
9 75 -0.236879
9 76 -0.329477
9 77 -0.246311
9 78 0.380564
9 79 -0.104536
9 80 0.0218942
9 81 -0.264009
9 82 -0.35985
9 83 -0.238061
9 84 -0.470159
9 85 0.112317
9 86 -0.101724
9 87 -0.327704
9 88 -0.166552
9 89 0.402786
9 90 0.0378985
9 91 -0.41774
9 92 -0.38373
9 93 -0.0994237
9 94 -0.274626
9 95 0.369574
9 96 0.500767
9 97 0.182517
9 98 0.375284
9 99 0.36123
10 0 -0.71722
10 1 -0.622889
10 2 -0.552729
10 3 0.194247
10 4 0.564025
10 5 -0.676644
10 6 -0.707424
10 7 -0.857691
10 8 0.563732
10 9 0.194622
10 10 1
10 11 -0.772605
10 12 -0.760071
10 13 -0.599104
10 14 0.423975
10 15 -0.129567
10 16 -0.816864
10 17 0.79014
10 18 0.354778
10 19 0.643399
10 20 -0.19908
10 21 0.0223854
10 22 0.55738
10 23 -0.700994
10 24 -0.757209
10 25 -0.718967
10 26 -0.595881
10 27 -0.74355
10 28 -0.112173
10 29 -0.617393
10 30 -0.762685
10 31 -0.836214
10 32 -0.663212
10 33 0.367624
10 34 0.681844
10 35 0.331334
10 36 -0.160355
10 37 0.599853
10 38 0.128682
10 39 -0.831641
10 40 -0.806831
10 41 -0.126392
10 42 -0.790755
10 43 -0.444655
10 44 -0.463339
10 45 -0.741255
10 46 -0.583305
10 47 -0.807061
10 48 -0.592441
10 49 -0.725149
10 50 0.375968
10 51 0.72508
10 52 -0.793054
10 53 -0.69647
10 54 -0.690591
10 55 0.350268
10 56 -0.739766
10 57 -0.218539
10 58 0.777225
10 59 -0.644978
10 60 0.123904
10 61 -0.731253
10 62 -0.381573
10 63 -0.609352
10 64 -0.082902
10 65 -0.819756
10 66 -0.623713
10 67 -0.650219
10 68 0.531042
10 69 0.531255
10 70 0.469424
10 71 -0.534625
10 72 -0.427153
10 73 -0.354923
10 74 0.123978
10 75 -0.553613
10 76 -0.853993
10 77 -0.74127
10 78 0.744142
10 79 -0.805804
10 80 -0.270549
10 81 -0.836487
10 82 -0.744256
10 83 -0.790256
10 84 -0.733314
10 85 -0.596364
10 86 -0.736459
10 87 -0.748762
10 88 -0.161427
10 89 0.171487
10 90 -0.777001
10 91 -0.580073
10 92 -0.634391
10 93 -0.78126
10 94 -0.486227
10 95 -0.105826
10 96 -0.323843
10 97 0.0933012
10 98 0.356458
10 99 -0.120525
11 0 0.890237
11 1 0.880822
11 2 0.783114
11 3 0.21757
11 4 -0.587139
11 5 0.865176
11 6 0.799504
11 7 0.929878
11 8 -0.173639
11 9 -0.306207
11 10 -0.772605
11 11 1
11 12 0.900389
11 13 0.925958
11 14 -0.0359229
11 15 0.559152
11 16 0.890478
11 17 -0.634063
11 18 0.0174417
11 19 -0.327052
11 20 -0.0465926
11 21 0.36289
11 22 -0.304079
11 23 0.947659
11 24 0.903589
11 25 0.826835
11 26 0.811539
11 27 0.855754
11 28 0.369756
11 29 0.836727
11 30 0.819293
11 31 0.90543
11 32 0.955507
11 33 -0.462622
11 34 -0.626272
11 35 0.0930429
11 36 0.624101
11 37 -0.344855
11 38 0.306274
11 39 0.876327
11 40 0.918239
11 41 0.429657
11 42 0.924445
11 43 0.812046
11 44 0.841716
11 45 0.919404
11 46 0.830947
11 47 0.684974
11 48 0.841323
11 49 0.93923
11 50 0.0986936
11 51 -0.663672
11 52 0.952859
11 53 0.909005
11 54 0.773854
11 55 0.0157375
11 56 0.804934
11 57 0.16686
11 58 -0.510211
11 59 0.758708
11 60 0.121368
11 61 0.921118
11 62 0.768398
11 63 0.889781
11 64 0.57163
11 65 0.917954
11 66 0.903553
11 67 0.825757
11 68 -0.478003
11 69 -0.754337
11 70 -0.303884
11 71 0.830245
11 72 0.803633
11 73 0.442261
11 74 0.29691
11 75 0.851061
11 76 0.898752
11 77 0.953268
11 78 -0.514744
11 79 0.858067
11 80 0.212232
11 81 0.787902
11 82 0.940833
11 83 0.87299
11 84 0.937902
11 85 0.7279
11 86 0.925076
11 87 0.88824
11 88 0.610497
11 89 0.0991956
11 90 0.801888
11 91 0.594926
11 92 0.925439
11 93 0.924282
11 94 0.695308
11 95 -0.155311
11 96 0.0662595
11 97 -0.277232
11 98 -0.617014
11 99 0.0151819
12 0 0.928932
12 1 0.785935
12 2 0.818573
12 3 0.105462
12 4 -0.599399
12 5 0.892437
12 6 0.669271
12 7 0.940351
12 8 -0.351907
12 9 -0.258206
12 10 -0.760071
12 11 0.900389
12 12 1
12 13 0.863222
12 14 -0.145539
12 15 0.479686
12 16 0.944819
12 17 -0.586848
12 18 -0.106425
12 19 -0.44556
12 20 0.137472
12 21 0.159677
12 22 -0.522597
12 23 0.897077
12 24 0.834371
12 25 0.810717
12 26 0.666324
12 27 0.823035
12 28 0.431384
12 29 0.750895
12 30 0.915306
12 31 0.956526
12 32 0.861783
12 33 -0.461084
12 34 -0.652061
12 35 -0.03637
12 36 0.569663
12 37 -0.499657
12 38 0.16978
12 39 0.863126
12 40 0.892803
12 41 0.2372
12 42 0.933261
12 43 0.75944
12 44 0.735307
12 45 0.946436
12 46 0.900285
12 47 0.735703
12 48 0.709917
12 49 0.863098
12 50 -0.0187036
12 51 -0.806652
12 52 0.919156
12 53 0.909932
12 54 0.798899
12 55 -0.170299
12 56 0.887846
12 57 0.134296
12 58 -0.644357
12 59 0.818223
12 60 0.173811
12 61 0.917671
12 62 0.764487
12 63 0.888189
12 64 0.464626
12 65 0.919454
12 66 0.758682
12 67 0.835736
12 68 -0.370754
12 69 -0.700607
12 70 -0.404867
12 71 0.731233
12 72 0.709033
12 73 0.312883
12 74 0.118247
12 75 0.880774
12 76 0.871092
12 77 0.908443
12 78 -0.5288
12 79 0.746902
12 80 0.362223
12 81 0.773107
12 82 0.93678
12 83 0.839989
12 84 0.91033
12 85 0.827921
12 86 0.892974
12 87 0.862594
12 88 0.533334
12 89 -0.054502
12 90 0.702196
12 91 0.753648
12 92 0.872889
12 93 0.919574
12 94 0.755401
12 95 -0.163499
12 96 0.291029
12 97 -0.252312
12 98 -0.464055
12 99 -0.160517
13 0 0.889165
13 1 0.896091
13 2 0.83475
13 3 0.425366
13 4 -0.508447
13 5 0.891111
13 6 0.731125
13 7 0.849903
13 8 0.0437796
13 9 -0.342559
13 10 -0.599104
13 11 0.925958
13 12 0.863222
13 13 1
13 14 0.12741
13 15 0.725543
13 16 0.82667
13 17 -0.442535
13 18 0.218799
13 19 -0.093428
13 20 -0.162665
13 21 0.538893
13 22 -0.166918
13 23 0.956434
13 24 0.862555
13 25 0.787551
13 26 0.784886
13 27 0.829606
13 28 0.502536
13 29 0.883038
13 30 0.743725
13 31 0.836513
13 32 0.962446
13 33 -0.521404
13 34 -0.514983
13 35 0.312354
13 36 0.810206
13 37 -0.18268
13 38 0.518197
13 39 0.775091
13 40 0.840402
13 41 0.511718
13 42 0.893448
13 43 0.881329
13 44 0.892505
13 45 0.8839
13 46 0.882516
13 47 0.513316
13 48 0.883467
13 49 0.919619
13 50 0.315369
13 51 -0.552164
13 52 0.89683
13 53 0.90206
13 54 0.741489
13 55 0.19986
13 56 0.772448
13 57 0.10115
13 58 -0.325638
13 59 0.702076
13 60 0.322965
13 61 0.911981
13 62 0.894473
13 63 0.932292
13 64 0.723188
13 65 0.841794
13 66 0.892097
13 67 0.83365
13 68 -0.309102
13 69 -0.79026
13 70 -0.187546
13 71 0.871762
13 72 0.886058
13 73 0.3169
13 74 0.507718
13 75 0.919427
13 76 0.771775
13 77 0.932474
13 78 -0.333778
13 79 0.734492
13 80 0.161718
13 81 0.657059
13 82 0.930538
13 83 0.784386
13 84 0.934024
13 85 0.691468
13 86 0.885531
13 87 0.844215
13 88 0.762048
13 89 0.213447
13 90 0.661329
13 91 0.562985
13 92 0.964523
13 93 0.859662
13 94 0.764685
13 95 -0.292601
13 96 -0.0765335
13 97 -0.385288
13 98 -0.653917
13 99 -0.0841088
14 0 -0.0558521
14 1 0.278708
14 2 -0.00797165
14 3 0.510915
14 4 0.340548
14 5 -0.0078938
14 6 -0.142158
14 7 -0.290688
14 8 0.60725
14 9 0.222623
14 10 0.423975
14 11 -0.0359229
14 12 -0.145539
14 13 0.12741
14 14 1
14 15 0.591632
14 16 -0.328928
14 17 0.335138
14 18 0.706075
14 19 0.736408
14 20 -0.380803
14 21 0.419614
14 22 0.584389
14 23 0.047373
14 24 -0.221636
14 25 -0.00248663
14 26 0.132471
14 27 -0.271779
14 28 0.261456
14 29 -0.064254
14 30 -0.376978
14 31 -0.262512
14 32 0.151804
14 33 -0.0420998
14 34 0.305646
14 35 0.557006
14 36 0.442079
14 37 0.670268
14 38 0.50466
14 39 -0.156794
14 40 -0.18299
14 41 0.541874
14 42 -0.168633
14 43 0.366905
14 44 0.36341
14 45 -0.0464868
14 46 -0.0896372
14 47 -0.381016
14 48 0.24156
14 49 0.0986414
14 50 0.470525
14 51 0.225729
14 52 -0.000585545
14 53 0.165648
14 54 -0.279495
14 55 0.507277
14 56 -0.351521
14 57 -0.409067
14 58 0.471631
14 59 -0.102104
14 60 0.349014
14 61 -0.0682797
14 62 0.242528
14 63 0.196351
14 64 0.638603
14 65 -0.0873389
14 66 0.068491
14 67 -0.26107
14 68 0.181199
14 69 -0.104347
14 70 0.736598
14 71 0.177284
14 72 0.367082
14 73 0.0579637
14 74 0.526704
14 75 0.214514
14 76 -0.358817
14 77 0.0247633
14 78 0.81639
14 79 -0.156104
14 80 -0.64531
14 81 -0.456881
14 82 -0.0801117
14 83 -0.367232
14 84 -0.133895
14 85 -0.0877526
14 86 0.071564
14 87 -0.254249
14 88 0.592822
14 89 0.71012
14 90 -0.151279
14 91 -0.334495
14 92 0.0530943
14 93 -0.0717828
14 94 0.0775065
14 95 -0.199696
14 96 -0.37918
14 97 -0.0799322
14 98 -0.393119
14 99 -0.0891588
15 0 0.602023
15 1 0.719112
15 2 0.523299
15 3 0.503487
15 4 -0.248167
15 5 0.561353
15 6 0.357214
15 7 0.354307
15 8 0.355948
15 9 -0.161214
15 10 -0.129567
15 11 0.559152
15 12 0.479686
15 13 0.725543
15 14 0.591632
15 15 1
15 16 0.352612
15 17 0.107521
15 18 0.491587
15 19 0.40776
15 20 -0.207758
15 21 0.657341
15 22 0.285421
15 23 0.639919
15 24 0.398474
15 25 0.554854
15 26 0.506633
15 27 0.356958
15 28 0.404815
15 29 0.594883
15 30 0.259109
15 31 0.394736
15 32 0.719562
15 33 -0.464131
15 34 -0.280151
15 35 0.663392
15 36 0.897118
15 37 0.162316
15 38 0.744777
15 39 0.3104
15 40 0.331629
15 41 0.749926
15 42 0.480172
15 43 0.871951
15 44 0.791778
15 45 0.551083
15 46 0.528307
15 47 0.00215576
15 48 0.685764
15 49 0.60937
15 50 0.491006
15 51 -0.276693
15 52 0.577595
15 53 0.6988
15 54 0.404529
15 55 0.40561
15 56 0.289243
15 57 -0.135201
15 58 0.140655
15 59 0.480189
15 60 0.328331
15 61 0.617589
15 62 0.810165
15 63 0.67937
15 64 0.920045
15 65 0.459373
15 66 0.615388
15 67 0.404927
15 68 -0.164518
15 69 -0.594345
15 70 0.241846
15 71 0.613819
15 72 0.763247
15 73 0.255084
15 74 0.68018
15 75 0.73819
15 76 0.227011
15 77 0.636584
15 78 0.22865
15 79 0.272935
15 80 -0.275623
15 81 0.069151
15 82 0.596111
15 83 0.303234
15 84 0.540347
15 85 0.422493
15 86 0.645825
15 87 0.333066
15 88 0.820921
15 89 0.647699
15 90 0.203756
15 91 0.287365
15 92 0.726191
15 93 0.462074
15 94 0.699414
15 95 -0.235198
15 96 -0.330836
15 97 -0.207535
15 98 -0.778469
15 99 -0.298815
16 0 0.906698
16 1 0.707354
16 2 0.795613
16 3 -0.00532226
16 4 -0.728523
16 5 0.895665
16 6 0.666519
16 7 0.973785
16 8 -0.426468
16 9 -0.408219
16 10 -0.816864
16 11 0.890478
16 12 0.944819
16 13 0.82667
16 14 -0.328928
16 15 0.352612
16 16 1
16 17 -0.602066
16 18 -0.260728
16 19 -0.533197
16 20 0.194284
16 21 0.173803
16 22 -0.585884
16 23 0.851484
16 24 0.902688
16 25 0.739188
16 26 0.641979
16 27 0.893951
16 28 0.331624
16 29 0.78512
16 30 0.959386
16 31 0.97549
16 32 0.820832
16 33 -0.533388
16 34 -0.736526
16 35 -0.132092
16 36 0.468081
16 37 -0.623833
16 38 0.090246
16 39 0.821225
16 40 0.886448
16 41 0.133563
16 42 0.937346
16 43 0.661354
16 44 0.678764
16 45 0.920944
16 46 0.88615
16 47 0.725609
16 48 0.632639
16 49 0.806985
16 50 -0.0325697
16 51 -0.762916
16 52 0.883222
16 53 0.832874
16 54 0.892542
16 55 -0.195159
16 56 0.959326
16 57 0.243172
16 58 -0.693034
16 59 0.814782
16 60 0.0971334
16 61 0.886917
16 62 0.699645
16 63 0.815363
16 64 0.314095
16 65 0.894315
16 66 0.742885
16 67 0.8741
16 68 -0.370231
16 69 -0.719975
16 70 -0.592837
16 71 0.653294
16 72 0.607406
16 73 0.26074
16 74 0.0622238
16 75 0.789498
16 76 0.933917
16 77 0.886713
16 78 -0.701976
16 79 0.743128
16 80 0.467562
16 81 0.859501
16 82 0.916342
16 83 0.896886
16 84 0.921936
16 85 0.755895
16 86 0.835564
16 87 0.867427
16 88 0.378034
16 89 -0.214497
16 90 0.691359
16 91 0.820857
16 92 0.855405
16 93 0.872753
16 94 0.738006
16 95 -0.0924077
16 96 0.268696
16 97 -0.198025
16 98 -0.420665
16 99 -0.166335
17 0 -0.504328
17 1 -0.52679
17 2 -0.340168
17 3 0.0927599
17 4 0.26075
17 5 -0.50599
17 6 -0.694196
17 7 -0.710201
17 8 0.474177
17 9 -0.0504676
17 10 0.79014
17 11 -0.634063
17 12 -0.586848
17 13 -0.442535
17 14 0.335138
17 15 0.107521
17 16 -0.602066
17 17 1
17 18 0.257763
17 19 0.656472
17 20 -0.0568409
17 21 0.208523
17 22 0.443425
17 23 -0.57993
17 24 -0.57266
17 25 -0.617611
17 26 -0.590326
17 27 -0.593085
17 28 -0.074945
17 29 -0.42178
17 30 -0.600433
17 31 -0.641808
17 32 -0.508631
17 33 0.153165
17 34 0.449962
17 35 0.372226
17 36 0.0715417
17 37 0.399999
17 38 0.21226
17 39 -0.835563
17 40 -0.801373
17 41 -0.0424352
17 42 -0.584245
17 43 -0.217249
17 44 -0.283932
17 45 -0.544619
17 46 -0.377018
17 47 -0.839953
17 48 -0.517179
17 49 -0.6357
17 50 0.391099
17 51 0.583144
17 52 -0.647067
17 53 -0.505364
17 54 -0.375398
17 55 0.374075
17 56 -0.525144
17 57 -0.0921639
17 58 0.716876
17 59 -0.445758
17 60 0.19761
17 61 -0.533016
17 62 -0.103666
17 63 -0.493682
17 64 0.0267157
17 65 -0.732404
17 66 -0.509705
17 67 -0.524035
17 68 0.500088
17 69 0.346012
17 70 0.300123
17 71 -0.450521
17 72 -0.317304
17 73 -0.392078
17 74 0.233532
17 75 -0.412319
17 76 -0.735417
17 77 -0.585138
17 78 0.588189
17 79 -0.805888
17 80 -0.293899
17 81 -0.76056
17 82 -0.545885
17 83 -0.666202
17 84 -0.539816
17 85 -0.540422
17 86 -0.577741
17 87 -0.699758
17 88 -0.0903999
17 89 0.178989
17 90 -0.826905
17 91 -0.243748
17 92 -0.390551
17 93 -0.748825
17 94 -0.149034
17 95 -0.0431658
17 96 -0.371037
17 97 0.187282
17 98 0.0890591
17 99 -0.391539
18 0 -0.121004
18 1 0.30684
18 2 0.125339
18 3 0.673392
18 4 0.313964
18 5 0.0317999
18 6 0.0334347
18 7 -0.190214
18 8 0.831096
18 9 0.118776
18 10 0.354778
18 11 0.0174417
18 12 -0.106425
18 13 0.218799
18 14 0.706075
18 15 0.491587
18 16 -0.260728
18 17 0.257763
18 18 1
18 19 0.744051
18 20 -0.567115
18 21 0.5715
18 22 0.668018
18 23 0.0860859
18 24 0.000446018
18 25 -0.101904
18 26 0.327395
18 27 -0.0561019
18 28 0.492547
18 29 0.142919
18 30 -0.324176
18 31 -0.181693
18 32 0.182807
18 33 0.103613
18 34 0.389837
18 35 0.586363
18 36 0.509925
18 37 0.77305
18 38 0.576277
18 39 -0.0901875
18 40 -0.0633738
18 41 0.415456
18 42 -0.0756359
18 43 0.326884
18 44 0.380621
18 45 -0.0256991
18 46 0.0414164
18 47 -0.326352
18 48 0.36346
18 49 0.207608
18 50 0.553355
18 51 0.372999
18 52 -0.00475047
18 53 0.0922225
18 54 -0.275618
18 55 0.762352
18 56 -0.22587
18 57 -0.0268715
18 58 0.583291
18 59 -0.253889
18 60 0.639415
18 61 -0.0531829
18 62 0.280722
18 63 0.220536
18 64 0.49832
18 65 -0.122669
18 66 0.165186
18 67 -0.151857
18 68 0.341003
18 69 -0.123227
18 70 0.599574
18 71 0.410088
18 72 0.457009
18 73 0.0743198
18 74 0.747346
18 75 0.18417
18 76 -0.227064
18 77 0.0439882
18 78 0.597552
18 79 0.0557214
18 80 -0.430339
18 81 -0.243284
18 82 -0.00712673
18 83 -0.216311
18 84 0.000409313
18 85 -0.199318
18 86 0.0625732
18 87 -0.02855
18 88 0.667827
18 89 0.553189
18 90 0.0104983
18 91 -0.385299
18 92 0.139308
18 93 -0.0288096
18 94 -0.0211283
18 95 -0.484529
18 96 -0.437619
18 97 -0.332202
18 98 -0.331272
18 99 0.218926
19 0 -0.346875
19 1 -0.0736984
19 2 -0.0994509
19 3 0.475362
19 4 0.340111
19 5 -0.254183
19 6 -0.328769
19 7 -0.524111
19 8 0.836936
19 9 -0.0295846
19 10 0.643399
19 11 -0.327052
19 12 -0.44556
19 13 -0.093428
19 14 0.736408
19 15 0.40776
19 16 -0.533197
19 17 0.656472
19 18 0.744051
19 19 1
19 20 -0.521068
19 21 0.592573
19 22 0.791657
19 23 -0.246051
19 24 -0.295174
19 25 -0.424285
19 26 -0.0917515
19 27 -0.354736
19 28 0.217091
19 29 -0.115073
19 30 -0.628353
19 31 -0.49854
19 32 -0.139755
19 33 0.0637184
19 34 0.490135
19 35 0.599199
19 36 0.37274
19 37 0.761864
19 38 0.517094
19 39 -0.518147
19 40 -0.480356
19 41 0.27658
19 42 -0.372117
19 43 0.127236
19 44 0.155225
19 45 -0.335649
19 46 -0.221824
19 47 -0.744599
19 48 -0.00147209
19 49 -0.168129
19 50 0.550739
19 51 0.584845
19 52 -0.332575
19 53 -0.205474
19 54 -0.402392
19 55 0.76603
19 56 -0.469211
19 57 -0.0855505
19 58 0.76935
19 59 -0.457451
19 60 0.500101
19 61 -0.351745
19 62 0.0789953
19 63 -0.14376
19 64 0.383571
19 65 -0.489506
19 66 -0.163526
19 67 -0.40936
19 68 0.468798
19 69 0.00643216
19 70 0.609402
19 71 0.0606318
19 72 0.182297
19 73 -0.183006
19 74 0.677543
19 75 -0.103112
19 76 -0.560973
19 77 -0.284545
19 78 0.750695
19 79 -0.384789
19 80 -0.598341
19 81 -0.60528
19 82 -0.329035
19 83 -0.531792
19 84 -0.296681
19 85 -0.517211
19 86 -0.313729
19 87 -0.440864
19 88 0.393941
19 89 0.47949
19 90 -0.450841
19 91 -0.403479
19 92 -0.141327
19 93 -0.454423
19 94 -0.0584649
19 95 -0.322746
19 96 -0.67379
19 97 -0.0676466
19 98 -0.24113
19 99 -0.0836508
20 0 0.178878
20 1 -0.130864
20 2 -0.229297
20 3 -0.55323
20 4 -0.238085
20 5 0.0899485
20 6 -0.0998174
20 7 0.098717
20 8 -0.72243
20 9 0.301841
20 10 -0.19908
20 11 -0.0465926
20 12 0.137472
20 13 -0.162665
20 14 -0.380803
20 15 -0.207758
20 16 0.194284
20 17 -0.0568409
20 18 -0.567115
20 19 -0.521068
20 20 1
20 21 -0.52677
20 22 -0.402056
20 23 -0.147478
20 24 -0.122168
20 25 0.195242
20 26 -0.134028
20 27 0.0806044
20 28 -0.379144
20 29 -0.0265821
20 30 0.322172
20 31 0.197039
20 32 -0.104553
20 33 -0.314591
20 34 -0.556576
20 35 -0.283681
20 36 -0.359385
20 37 -0.602809
20 38 -0.337162
20 39 0.0196869
20 40 0.0109589
20 41 -0.0493929
20 42 -0.0583124
20 43 -0.143772
20 44 -0.247141
20 45 0.0523207
20 46 -0.101604
20 47 0.29869
20 48 -0.267733
20 49 -0.202053
20 50 -0.499741
20 51 -0.457282
20 52 0.101462
20 53 0.0531853
20 54 0.309704
20 55 -0.630468
20 56 0.2183
20 57 0.0142065
20 58 -0.454634
20 59 0.493885
20 60 -0.555752
20 61 0.0702359
20 62 -0.187973
20 63 -0.117278
20 64 -0.311889
20 65 0.189006
20 66 -0.159924
20 67 0.0316287
20 68 -0.364487
20 69 0.0576076
20 70 -0.498219
20 71 -0.445751
20 72 -0.471151
20 73 0.208492
20 74 -0.672961
20 75 -0.0582446
20 76 0.135381
20 77 0.0773334
20 78 -0.292521
20 79 -0.108445
20 80 0.475494
20 81 0.185821
20 82 0.00293887
20 83 0.190596
20 84 -0.105239
20 85 0.380128
20 86 0.139345
20 87 -0.105979
20 88 -0.49084
20 89 -0.0762764
20 90 0.0612756
20 91 0.453991
20 92 -0.0774965
20 93 0.0995096
20 94 0.23724
20 95 0.707252
20 96 0.73405
20 97 0.590159
20 98 0.191168
20 99 -0.248264
21 0 0.237355
21 1 0.46015
21 2 0.410883
21 3 0.549585
21 4 -0.226519
21 5 0.362379
21 6 0.28477
21 7 0.185785
21 8 0.65624
21 9 -0.478283
21 10 0.0223854
21 11 0.36289
21 12 0.159677
21 13 0.538893
21 14 0.419614
21 15 0.657341
21 16 0.173803
21 17 0.208523
21 18 0.5715
21 19 0.592573
21 20 -0.52677
21 21 1
21 22 0.499229
21 23 0.409105
21 24 0.43077
21 25 0.0954287
21 26 0.47308
21 27 0.359886
21 28 0.38618
21 29 0.572241
21 30 0.0188195
21 31 0.16294
21 32 0.484422
21 33 -0.254844
21 34 -0.0224086
21 35 0.653321
21 36 0.751558
21 37 0.375832
21 38 0.736519
21 39 0.0648163
21 40 0.174612
21 41 0.492611
21 42 0.310803
21 43 0.576996
21 44 0.655817
21 45 0.271713
21 46 0.387755
21 47 -0.229248
21 48 0.540163
21 49 0.439693
21 50 0.708768
21 51 0.186854
21 52 0.282989
21 53 0.328129
21 54 0.255529
21 55 0.827124
21 56 0.177948
21 57 0.229757
21 58 0.43467
21 59 0.0762963
21 60 0.541458
21 61 0.300164
21 62 0.588725
21 63 0.385933
21 64 0.623623
21 65 0.109251
21 66 0.509733
21 67 0.301209
21 68 0.131861
21 69 -0.486621
21 70 0.153155
21 71 0.602674
21 72 0.639247
21 73 0.10416
21 74 0.894274
21 75 0.386943
21 76 0.155056
21 77 0.374869
21 78 0.130101
21 79 0.214064
21 80 -0.28963
21 81 0.0902311
21 82 0.344961
21 83 0.191327
21 84 0.419017
21 85 -0.106151
21 86 0.2574
21 87 0.285445
21 88 0.641292
21 89 0.351346
21 90 0.134196
21 91 0.0832544
21 92 0.518961
21 93 0.17139
21 94 0.349006
21 95 -0.410113
21 96 -0.630548
21 97 -0.307798
21 98 -0.593884
21 99 -0.0161144
22 0 -0.389234
22 1 -0.093077
22 2 -0.365886
22 3 0.457272
22 4 0.360477
22 5 -0.391153
22 6 -0.093064
22 7 -0.524817
22 8 0.766019
22 9 0.150158
22 10 0.55738
22 11 -0.304079
22 12 -0.522597
22 13 -0.166918
22 14 0.584389
22 15 0.285421
22 16 -0.585884
22 17 0.443425
22 18 0.668018
22 19 0.791657
22 20 -0.402056
22 21 0.499229
22 22 1
22 23 -0.249687
22 24 -0.327506
22 25 -0.313381
22 26 0.0305874
22 27 -0.332608
22 28 -0.0049283
22 29 -0.0382111
22 30 -0.680204
22 31 -0.549344
22 32 -0.170582
22 33 0.120567
22 34 0.381092
22 35 0.664365
22 36 0.211562
22 37 0.72963
22 38 0.538677
22 39 -0.40935
22 40 -0.410267
22 41 0.397438
22 42 -0.451801
22 43 0.00262809
22 44 0.0413655
22 45 -0.458241
22 46 -0.438928
22 47 -0.640833
22 48 0.0560453
22 49 -0.172373
22 50 0.407602
22 51 0.558429
22 52 -0.311491
22 53 -0.308577
22 54 -0.461493
22 55 0.670314
22 56 -0.599431
22 57 0.0634498
22 58 0.777088
22 59 -0.449596
22 60 0.134122
22 61 -0.336278
22 62 -0.13809
22 63 -0.281513
22 64 0.289604
22 65 -0.462556
22 66 -0.15854
22 67 -0.376089
22 68 0.192978
22 69 0.141776
22 70 0.592825
22 71 0.0163081
22 72 0.0394751
22 73 0.167569
22 74 0.549133
22 75 -0.20744
22 76 -0.502497
22 77 -0.272622
22 78 0.58769
22 79 -0.226774
22 80 -0.500139
22 81 -0.488598
22 82 -0.354876
22 83 -0.379666
22 84 -0.337298
22 85 -0.504053
22 86 -0.297334
22 87 -0.396991
22 88 0.213181
22 89 0.547511
22 90 -0.2354
22 91 -0.533135
22 92 -0.218515
22 93 -0.400261
22 94 -0.203559
22 95 -0.11869
22 96 -0.56795
22 97 -0.057003
22 98 -0.164128
22 99 0.263781
23 0 0.908533
23 1 0.882962
23 2 0.783792
23 3 0.336366
23 4 -0.49886
23 5 0.85345
23 6 0.816385
23 7 0.893248
23 8 -0.085787
23 9 -0.298101
23 10 -0.700994
23 11 0.947659
23 12 0.897077
23 13 0.956434
23 14 0.047373
23 15 0.639919
23 16 0.851484
23 17 -0.57993
23 18 0.0860859
23 19 -0.246051
23 20 -0.147478
23 21 0.409105
23 22 -0.249687
23 23 1
23 24 0.856875
23 25 0.856104
23 26 0.769467
23 27 0.8127
23 28 0.422554
23 29 0.847156
23 30 0.768997
23 31 0.863277
23 32 0.94493
23 33 -0.439471
23 34 -0.519508
23 35 0.198327
23 36 0.71765
23 37 -0.261556
23 38 0.407282
23 39 0.875624
23 40 0.895999
23 41 0.456515
23 42 0.920747
23 43 0.831845
23 44 0.838926
23 45 0.886749
23 46 0.848634
23 47 0.621649
23 48 0.882887
23 49 0.94181
23 50 0.172646
23 51 -0.658966
23 52 0.92123
23 53 0.904961
23 54 0.715092
23 55 0.0589221
23 56 0.755356
23 57 0.0916418
23 58 -0.433539
23 59 0.711647
23 60 0.199712
23 61 0.947123
23 62 0.820348
23 63 0.90677
23 64 0.664751
23 65 0.888646
23 66 0.870647
23 67 0.868175
23 68 -0.395791
23 69 -0.725154
23 70 -0.186796
23 71 0.871765
23 72 0.851903
23 73 0.400447
23 74 0.376397
23 75 0.901776
23 76 0.824624
23 77 0.936631
23 78 -0.414581
23 79 0.806903
23 80 0.173098
23 81 0.706176
23 82 0.950399
23 83 0.833789
23 84 0.945497
23 85 0.735688
23 86 0.891977
23 87 0.885439
23 88 0.686475
23 89 0.140438
23 90 0.735733
23 91 0.557133
23 92 0.931286
23 93 0.902548
23 94 0.721256
23 95 -0.254861
23 96 -0.00458207
23 97 -0.418652
23 98 -0.584994
23 99 0.0112979
24 0 0.804222
24 1 0.753327
24 2 0.834862
24 3 0.166541
24 4 -0.720724
24 5 0.841086
24 6 0.737175
24 7 0.922381
24 8 -0.110281
24 9 -0.541266
24 10 -0.757209
24 11 0.903589
24 12 0.834371
24 13 0.862555
24 14 -0.221636
24 15 0.398474
24 16 0.902688
24 17 -0.57266
24 18 0.000446018
24 19 -0.295174
24 20 -0.122168
24 21 0.43077
24 22 -0.327506
24 23 0.856875
24 24 1
24 25 0.604459
24 26 0.767622
24 27 0.922464
24 28 0.437768
24 29 0.862293
24 30 0.804078
24 31 0.890507
24 32 0.857658
24 33 -0.474533
24 34 -0.588619
24 35 -0.00346359
24 36 0.57029
24 37 -0.377143
24 38 0.236829
24 39 0.774013
24 40 0.864896
24 41 0.177525
24 42 0.929967
24 43 0.707511
24 44 0.785542
24 45 0.873901
24 46 0.864722
24 47 0.584239
24 48 0.732488
24 49 0.87365
24 50 0.139062
24 51 -0.51718
24 52 0.840197
24 53 0.772983
24 54 0.806393
24 55 0.128018
24 56 0.876968
24 57 0.380264
24 58 -0.466759
24 59 0.612955
24 60 0.285034
24 61 0.825613
24 62 0.713657
24 63 0.796972
24 64 0.357336
24 65 0.783914
24 66 0.798534
24 67 0.824427
24 68 -0.264262
24 69 -0.78675
24 70 -0.464232
24 71 0.81473
24 72 0.753079
24 73 0.249134
24 74 0.347409
24 75 0.747528
24 76 0.906678
24 77 0.855287
24 78 -0.64245
24 79 0.818778
24 80 0.306594
24 81 0.844203
24 82 0.892307
24 83 0.854724
24 84 0.942553
24 85 0.523727
24 86 0.775839
24 87 0.884356
24 88 0.529885
24 89 -0.18206
24 90 0.719366
24 91 0.653026
24 92 0.869649
24 93 0.798758
24 94 0.648542
24 95 -0.291535
24 96 -0.0299891
24 97 -0.336912
24 98 -0.538879
24 99 0.0160666
25 0 0.867007
25 1 0.783573
25 2 0.511162
25 3 0.148079
25 4 -0.338955
25 5 0.723521
25 6 0.77267
25 7 0.779615
25 8 -0.352888
25 9 0.0613083
25 10 -0.718967
25 11 0.826835
25 12 0.810717
25 13 0.787551
25 14 -0.00248663
25 15 0.554854
25 16 0.739188
25 17 -0.617611
25 18 -0.101904
25 19 -0.424285
25 20 0.195242
25 21 0.0954287
25 22 -0.313381
25 23 0.856104
25 24 0.604459
25 25 1
25 26 0.638185
25 27 0.664224
25 28 0.143986
25 29 0.69875
25 30 0.726253
25 31 0.777768
25 32 0.811932
25 33 -0.432532
25 34 -0.615668
25 35 0.145273
25 36 0.490653
25 37 -0.380076
25 38 0.289112
25 39 0.846368
25 40 0.80656
25 41 0.57576
25 42 0.745709
25 43 0.683839
25 44 0.612528
25 45 0.749024
25 46 0.613446
25 47 0.722942
25 48 0.772188
25 49 0.77592
25 50 -0.106462
25 51 -0.79786
25 52 0.87652
25 53 0.844685
25 54 0.627679
25 55 -0.271763
25 56 0.610454
25 57 -0.0836593
25 58 -0.541822
25 59 0.807661
25 60 -0.168861
25 61 0.896293
25 62 0.620531
25 63 0.760761
25 64 0.576664
25 65 0.898218
25 66 0.749534
25 67 0.746244
25 68 -0.652332
25 69 -0.531325
25 70 -0.16117
25 71 0.601158
25 72 0.583051
25 73 0.534237
25 74 0.0564644
25 75 0.784768
25 76 0.713471
25 77 0.860333
25 78 -0.381797
25 79 0.70267
25 80 0.225177
25 81 0.60768
25 82 0.829377
25 83 0.782549
25 84 0.753248
25 85 0.877594
25 86 0.887835
25 87 0.72944
25 88 0.459779
25 89 0.313499
25 90 0.724437
25 91 0.503937
25 92 0.773821
25 93 0.869196
25 94 0.678634
25 95 0.129832
25 96 0.274534
25 97 -0.173863
25 98 -0.464678
25 99 0.0290288
26 0 0.633674
26 1 0.83178
26 2 0.555784
26 3 0.377349
26 4 -0.416938
26 5 0.73753
26 6 0.793621
26 7 0.711574
26 8 0.112278
26 9 -0.072761
26 10 -0.595881
26 11 0.811539
26 12 0.666324
26 13 0.784886
26 14 0.132471
26 15 0.506633
26 16 0.641979
26 17 -0.590326
26 18 0.327395
26 19 -0.0917515
26 20 -0.134028
26 21 0.47308
26 22 0.0305874
26 23 0.769467
26 24 0.767622
26 25 0.638185
26 26 1
26 27 0.782838
26 28 0.421193
26 29 0.813678
26 30 0.572496
26 31 0.685808
26 32 0.822422
26 33 -0.316708
26 34 -0.452674
26 35 0.238306
26 36 0.535516
26 37 0.0159019
26 38 0.414478
26 39 0.761723
26 40 0.783672
26 41 0.464082
26 42 0.690664
26 43 0.698615
26 44 0.779835
26 45 0.700462
26 46 0.612408
26 47 0.536069
26 48 0.866942
