0 WDC
1 NFLX
2 AAPL
3 SRCL
4 CTRX
5 SBAC
6 XLNX
7 NXPI
8 LMCA
9 VRTX
10 SPLS
11 MYL
12 SIAL
13 HSIC
14 CTSH
15 AMZN
16 MAR
17 MAT
18 VRSK
19 FOXA
20 VIP
21 BRCM
22 ROST
23 WFM
24 CHKP
25 GRMN
26 ESRX
27 REGN
28 AMAT
29 CHTR
30 KLAC
31 DTV
32 AVGO
33 PCLN
34 CTXS
35 SYMC
36 DISCA
37 PAYX
38 SIRI
39 DISCK
40 FFIV
41 ORLY
42 LVNTA
43 QCOM
44 YHOO
45 VOD
46 MU
47 MDLZ
48 GMCR
49 ALTR
50 AMGN
51 FB
52 COST
53 FISV
54 WYNN
55 ADSK
56 MSFT
57 DLTR
58 SNDK
59 FAST
60 BBBY
61 EXPE
62 EXPD
63 LLTC
64 ADP
65 GILD
66 CA
67 ILMN
68 TRIP
69 ADI
70 CHRW
71 TSCO
72 NTAP
73 VIAB
74 BIDU
75 EBAY
76 SBUX
77 CMCSA
78 NVDA
79 ADBE
80 LBTYA
81 TSLA
82 KRFT
83 MXIM
84 DISH
85 PCAR
86 TXN
87 MNST
88 BIIB
89 ATVI
90 CELG
91 GOOG
92 AKAM
93 INTC
94 INTU
95 ALXN
96 STX
97 ISRG
98 EQIX
99 CERN
100 CSCO
END
0 0 1
0 1 0.906701
0 2 0.912332
0 3 -0.132259
0 4 -0.240572
0 5 0.577609
0 6 -0.560943
0 7 0.854898
0 8 -0.287389
0 9 -0.244335
0 10 0.501743
0 11 0.685215
0 12 0.884937
0 13 0.797158
0 14 0.927515
0 15 0.912582
0 16 0.885901
0 17 0.819879
0 18 -0.0146556
0 19 0.179895
0 20 -0.218082
0 21 0.823814
0 22 -0.071103
0 23 -0.466183
0 24 0.870892
0 25 -0.0818745
0 26 0.883763
0 27 -0.687571
0 28 -0.549123
0 29 -0.302891
0 30 0.28285
0 31 0.921961
0 32 0.815436
0 33 0.871013
0 34 -0.366143
0 35 -0.571929
0 36 0.689249
0 37 0.904155
0 38 -0.792022
0 39 0.663814
0 40 -0.172721
0 41 0.0537915
0 42 0.842737
0 43 0.877579
0 44 0.869005
0 45 0.886581
0 46 0.807621
0 47 0.89073
0 48 0.329153
0 49 -0.767109
0 50 0.200808
0 51 0.457911
0 52 0.391904
0 53 -0.526855
0 54 0.835279
0 55 0.870177
0 56 0.713523
0 57 -0.673878
0 58 0.688525
0 59 -0.592595
0 60 0.578184
0 61 0.824865
0 62 -0.0440179
0 63 0.916695
0 64 0.871139
0 65 0.861284
0 66 0.86273
0 67 0.924047
0 68 0.489778
0 69 0.709598
0 70 -0.519615
0 71 0.832659
0 72 -0.243339
0 73 0.237166
0 74 0.803579
0 75 -0.164828
0 76 0.0727302
0 77 0.922456
0 78 0.169696
0 79 0.900959
0 80 0.872796
0 81 -0.568408
0 82 0.120949
0 83 -0.813728
0 84 0.925639
0 85 0.629538
0 86 0.857807
0 87 0.955661
0 88 0.772359
0 89 0.544013
0 90 0.742364
0 91 0.904931
0 92 -0.549359
0 93 0.862999
0 94 0.934587
0 95 0.796066
0 96 0.911597
0 97 -0.31892
0 98 0.204027
0 99 0.180313
0 100 -0.715246
1 0 0.906701
1 1 1
1 2 0.87108
1 3 -0.106912
1 4 -0.387307
1 5 0.462925
1 6 -0.5138
1 7 0.767128
1 8 -0.212044
1 9 -0.217263
1 10 0.402492
1 11 0.741062
1 12 0.790218
1 13 0.701258
1 14 0.856197
1 15 0.869009
1 16 0.828811
1 17 0.75538
1 18 -0.120971
1 19 0.10152
1 20 -0.349949
1 21 0.725716
1 22 -0.125711
1 23 -0.547522
1 24 0.825318
1 25 -0.0680866
1 26 0.889539
1 27 -0.558386
1 28 -0.60775
1 29 -0.337108
1 30 0.164929
1 31 0.872214
1 32 0.723694
1 33 0.917526
1 34 -0.207407
1 35 -0.489424
1 36 0.636864
1 37 0.801083
1 38 -0.674073
1 39 0.618249
1 40 -0.156829
1 41 0.100692
1 42 0.818746
1 43 0.877175
1 44 0.884596
1 45 0.830845
1 46 0.830886
1 47 0.77343
1 48 0.42244
1 49 -0.691853
1 50 0.1128
1 51 0.428361
1 52 0.407368
1 53 -0.450981
1 54 0.733406
1 55 0.876691
1 56 0.688494
1 57 -0.714988
1 58 0.553819
1 59 -0.56064
1 60 0.576477
1 61 0.816949
1 62 -0.183797
1 63 0.87848
1 64 0.833595
1 65 0.805941
1 66 0.799647
1 67 0.842704
1 68 0.534603
1 69 0.625871
1 70 -0.568332
1 71 0.778317
1 72 -0.0981483
1 73 0.139743
1 74 0.817233
1 75 -0.154537
1 76 0.0751696
1 77 0.855468
1 78 0.236925
1 79 0.840787
1 80 0.870497
1 81 -0.548221
1 82 0.00676337
1 83 -0.796966
1 84 0.8973
1 85 0.550446
1 86 0.806323
1 87 0.852618
1 88 0.813387
1 89 0.499431
1 90 0.765929
1 91 0.83624
1 92 -0.460637
1 93 0.688073
1 94 0.865921
1 95 0.717969
1 96 0.800065
1 97 -0.449603
1 98 0.206755
1 99 0.162063
1 100 -0.73412
2 0 0.912332
2 1 0.87108
2 2 1
2 3 -0.153621
2 4 -0.346245
2 5 0.579388
2 6 -0.59866
2 7 0.861572
2 8 -0.114556
2 9 -0.267135
2 10 0.571067
2 11 0.669337
2 12 0.813684
2 13 0.790274
2 14 0.842667
2 15 0.916
2 16 0.807414
2 17 0.82248
2 18 0.0362587
2 19 0.100409
2 20 -0.169707
2 21 0.7302
2 22 -0.14285
2 23 -0.454242
2 24 0.782413
2 25 0.055234
2 26 0.815579
2 27 -0.573634
2 28 -0.600471
2 29 -0.30591
2 30 0.294752
2 31 0.929741
2 32 0.685413
2 33 0.869852
2 34 -0.374163
2 35 -0.713358
2 36 0.674487
2 37 0.838394
2 38 -0.703868
2 39 0.656316
2 40 -0.306632
2 41 -0.135547
2 42 0.817844
2 43 0.865567
2 44 0.804374
2 45 0.814774
2 46 0.817498
2 47 0.880848
2 48 0.250972
2 49 -0.800796
2 50 0.242759
2 51 0.321674
2 52 0.431355
2 53 -0.304936
2 54 0.724276
2 55 0.796699
2 56 0.765963
2 57 -0.725472
2 58 0.679762
2 59 -0.539213
2 60 0.52115
2 61 0.776261
2 62 0.00164619
2 63 0.858767
2 64 0.841946
2 65 0.870126
2 66 0.846715
2 67 0.889376
2 68 0.532922
2 69 0.612378
2 70 -0.429258
2 71 0.796903
2 72 -0.274104
2 73 0.181572
2 74 0.803011
2 75 -0.251335
2 76 0.157119
2 77 0.866599
2 78 0.140345
2 79 0.797836
2 80 0.872712
2 81 -0.56421
2 82 0.206937
2 83 -0.801288
2 84 0.878746
2 85 0.540936
2 86 0.838766
2 87 0.898818
2 88 0.834839
2 89 0.392679
2 90 0.725311
2 91 0.90734
2 92 -0.637482
2 93 0.737394
2 94 0.914913
2 95 0.76026
2 96 0.809759
2 97 -0.411008
2 98 0.1321
2 99 0.243111
2 100 -0.727259
3 0 -0.132259
3 1 -0.106912
3 2 -0.153621
3 3 1
3 4 0.245089
3 5 0.112015
3 6 -0.0796451
3 7 -0.302793
3 8 0.660257
3 9 0.0612821
3 10 0.162372
3 11 1.42249e-05
3 12 -0.33227
3 13 0.312376
3 14 -0.105628
3 15 -0.165493
3 16 -0.048757
3 17 0.0473609
3 18 0.173937
3 19 0.270634
3 20 0.122788
3 21 -0.428004
3 22 0.430608
3 23 0.214465
3 24 0.0399053
3 25 0.640406
3 26 -0.072633
3 27 0.370207
3 28 0.260379
3 29 0.296853
3 30 0.395675
3 31 -0.0659719
3 32 -0.338689
3 33 -0.0547674
3 34 -0.451977
3 35 0.320775
3 36 0.0488846
3 37 0.0689658
3 38 0.501833
3 39 0.0482142
3 40 -0.111495
3 41 0.324239
3 42 -0.0357242
3 43 -0.00379032
3 44 -0.306553
3 45 0.00656789
3 46 -0.34415
3 47 0.0330374
3 48 -0.501113
3 49 0.156774
3 50 0.404555
3 51 -0.303219
3 52 0.42078
3 53 0.432689
3 54 -0.321378
3 55 -0.332317
3 56 0.061713
3 57 0.35488
3 58 0.158167
3 59 -0.0136295
3 60 -0.014795
3 61 -0.28392
3 62 0.207749
3 63 -0.31583
3 64 0.122226
3 65 0.103755
3 66 -0.0191981
3 67 -0.158907
3 68 0.0694497
3 69 -0.0294688
3 70 0.536341
3 71 -0.104004
3 72 0.0236382
3 73 -0.222946
3 74 -0.223736
3 75 -0.498305
3 76 0.605602
3 77 -0.0685858
3 78 0.276777
3 79 -0.0866796
3 80 -0.238228
3 81 -0.144733
3 82 0.0823012
3 83 0.239306
3 84 -0.19674
3 85 0.21891
3 86 -0.116535
3 87 -0.236757
3 88 -0.0392201
3 89 0.311618
3 90 -0.02901
3 91 -0.0135475
3 92 0.126322
3 93 -0.0884908
3 94 -0.12602
3 95 -0.327602
3 96 -0.181125
3 97 0.402728
3 98 -0.262011
3 99 0.783473
3 100 0.0350141
4 0 -0.240572
4 1 -0.387307
4 2 -0.346245
4 3 0.245089
4 4 1
4 5 0.197109
4 6 0.357102
4 7 -0.269931
4 8 0.330833
4 9 0.373413
4 10 0.305735
4 11 -0.673142
4 12 -0.263944
4 13 -0.135279
4 14 -0.327106
4 15 -0.372664
4 16 -0.230109
4 17 -0.309194
4 18 0.459127
4 19 0.683469
4 20 0.74459
4 21 -0.103296
4 22 0.33048
4 23 0.832047
4 24 -0.222837
4 25 0.0469567
4 26 -0.37719
4 27 0.338813
4 28 0.80846
4 29 0.45026
4 30 0.511994
4 31 -0.362415
4 32 0.0391148
4 33 -0.544708
4 34 -0.218557
4 35 0.258189
4 36 0.013433
4 37 -0.0906953
4 38 0.378567
4 39 -0.0158767
4 40 0.275446
4 41 0.44885
4 42 -0.408534
4 43 -0.527449
4 44 -0.523564
4 45 -0.072574
4 46 -0.69063
4 47 -0.174364
4 48 -0.481039
4 49 0.415714
4 50 0.361265
4 51 0.34323
4 52 -0.298066
4 53 -0.133125
4 54 -0.00611427
4 55 -0.497313
4 56 -0.415775
4 57 0.693405
4 58 0.26174
4 59 0.382006
4 60 -0.168399
4 61 -0.479127
4 62 0.467352
4 63 -0.470732
4 64 -0.352855
4 65 -0.246783
4 66 -0.327041
4 67 -0.238667
4 68 -0.430358
4 69 -0.0823262
4 70 0.630399
4 71 -0.197065
4 72 -0.334054
4 73 0.557854
4 74 -0.4197
4 75 0.242011
4 76 0.150302
4 77 -0.189908
4 78 -0.0234641
4 79 -0.184019
4 80 -0.443717
4 81 0.493103
4 82 0.436735
4 83 0.571841
4 84 -0.383494
4 85 0.324526
4 86 -0.389366
4 87 -0.166725
4 88 -0.554252
4 89 0.194572
4 90 -0.396955
4 91 -0.164687
4 92 0.389137
4 93 0.0660158
4 94 -0.299665
4 95 -0.2858
4 96 0.015919
4 97 0.200104
4 98 0.118971
4 99 0.184373
4 100 0.608632
5 0 0.577609
5 1 0.462925
5 2 0.579388
5 3 0.112015
5 4 0.197109
5 5 1
5 6 -0.63985
5 7 0.654963
5 8 0.0930046
5 9 -0.532436
5 10 0.814307
5 11 0.219087
5 12 0.388032
5 13 0.749465
5 14 0.596798
5 15 0.635517
5 16 0.742361
5 17 0.740354
5 18 -0.15962
5 19 0.356597
5 20 0.358724
5 21 0.34174
5 22 0.576131
5 23 -0.0361188
5 24 0.636331
5 25 -0.00388271
5 26 0.409072
5 27 -0.454182
5 28 -0.122205
5 29 -0.377169
5 30 0.658947
5 31 0.664179
5 32 0.338523
5 33 0.450257
5 34 -0.575939
5 35 -0.627927
5 36 0.73941
5 37 0.673998
5 38 -0.517934
5 39 0.746413
5 40 -0.541051
5 41 -0.210924
5 42 0.688219
5 43 0.402718
5 44 0.209054
5 45 0.667261
5 46 0.224739
5 47 0.727356
5 48 -0.447921
5 49 -0.665234
5 50 0.581517
5 51 0.0726454
5 52 0.629181
5 53 -0.073607
5 54 0.356477
5 55 0.32243
5 56 0.722302
5 57 -0.0280202
5 58 0.875125
5 59 -0.364353
5 60 0.187738
5 61 0.536457
5 62 0.148225
5 63 0.428096
5 64 0.611316
5 65 0.631848
5 66 0.740382
5 67 0.701068
5 68 0.630561
5 69 0.782129
5 70 0.200446
5 71 0.69167
5 72 -0.621535
5 73 0.192986
5 74 0.249434
5 75 -0.299947
5 76 0.605028
5 77 0.563979
5 78 -0.000815353
5 79 0.657212
5 80 0.362538
5 81 -0.555204
5 82 0.328274
5 83 -0.396088
5 84 0.367972
5 85 0.515388
5 86 0.639141
5 87 0.495294
5 88 0.212295
5 89 0.245745
5 90 0.0625437
5 91 0.782055
5 92 -0.684325
5 93 0.740087
5 94 0.733645
5 95 0.505769
5 96 0.517392
5 97 0.0285277
5 98 -0.209081
5 99 0.497124
5 100 -0.201482
6 0 -0.560943
6 1 -0.5138
6 2 -0.59866
6 3 -0.0796451
6 4 0.357102
6 5 -0.63985
6 6 1
6 7 -0.488057
6 8 0.0787165
6 9 0.663627
6 10 -0.401004
6 11 -0.497523
6 12 -0.334775
6 13 -0.701979
6 14 -0.561378
6 15 -0.660006
6 16 -0.64275
6 17 -0.675041
6 18 0.357636
6 19 0.180841
6 20 0.167573
6 21 -0.187554
6 22 -0.353499
6 23 0.452317
6 24 -0.527107
6 25 -0.102628
6 26 -0.430567
6 27 0.56478
6 28 0.63784
6 29 0.558142
6 30 -0.140625
6 31 -0.639083
6 32 -0.10206
6 33 -0.666846
6 34 0.52514
6 35 0.660903
6 36 -0.428099
6 37 -0.554972
6 38 0.56
6 39 -0.456513
6 40 0.685477
6 41 0.392323
6 42 -0.699611
6 43 -0.574398
6 44 -0.3718
6 45 -0.464301
6 46 -0.518008
6 47 -0.681026
6 48 0.219615
6 49 0.834998
6 50 -0.269793
6 51 0.200578
6 52 -0.675093
6 53 -0.176618
6 54 -0.16351
6 55 -0.391565
6 56 -0.742661
6 57 0.303214
6 58 -0.567712
6 59 0.564328
6 60 -0.0185882
6 61 -0.560052
6 62 0.146327
6 63 -0.459532
6 64 -0.645913
6 65 -0.599594
6 66 -0.70688
6 67 -0.581245
6 68 -0.664196
6 69 -0.513633
6 70 0.192558
6 71 -0.587605
6 72 0.381078
6 73 0.387163
6 74 -0.374498
6 75 0.609167
6 76 -0.373321
6 77 -0.435651
6 78 0.0112993
6 79 -0.568186
6 80 -0.403522
6 81 0.797417
6 82 -0.00450665
6 83 0.615728
6 84 -0.421228
6 85 -0.156908
6 86 -0.575891
6 87 -0.404533
6 88 -0.420341
6 89 -0.046108
6 90 -0.216904
6 91 -0.683989
6 92 0.796928
6 93 -0.480084
6 94 -0.691894
6 95 -0.446651
6 96 -0.289037
6 97 0.034767
6 98 0.335321
6 99 -0.35765
6 100 0.698926
7 0 0.854898
7 1 0.767128
7 2 0.861572
7 3 -0.302793
7 4 -0.269931
7 5 0.654963
7 6 -0.488057
7 7 1
7 8 -0.303886
7 9 -0.360534
7 10 0.544103
7 11 0.640692
7 12 0.836373
7 13 0.731814
7 14 0.883633
7 15 0.926239
7 16 0.896736
7 17 0.88893
7 18 -0.12236
7 19 0.163479
7 20 -0.0684513
7 21 0.732087
7 22 0.0763258
7 23 -0.448939
7 24 0.815944
7 25 -0.202676
7 26 0.763707
7 27 -0.624288
7 28 -0.467538
7 29 -0.401037
7 30 0.376038
7 31 0.883328
7 32 0.688276
7 33 0.779685
7 34 -0.219627
7 35 -0.737487
7 36 0.803654
7 37 0.824183
7 38 -0.829139
7 39 0.799338
7 40 -0.335109
7 41 -0.313603
7 42 0.881354
7 43 0.809369
7 44 0.73461
7 45 0.812692
7 46 0.742475
7 47 0.860774
7 48 0.240876
7 49 -0.784415
7 50 0.289189
7 51 0.270806
7 52 0.473626
7 53 -0.44083
7 54 0.676478
7 55 0.821605
7 56 0.777164
7 57 -0.634255
7 58 0.685212
7 59 -0.466793
7 60 0.603454
7 61 0.890855
7 62 0.0417949
7 63 0.899321
7 64 0.81707
7 65 0.83831
7 66 0.902226
7 67 0.921477
7 68 0.68055
7 69 0.824079
7 70 -0.38599
7 71 0.886447
7 72 -0.306178
7 73 0.243855
7 74 0.693057
7 75 -0.078117
7 76 0.22758
7 77 0.866193
7 78 0.0723531
7 79 0.865275
7 80 0.816599
7 81 -0.581029
7 82 0.182233
7 83 -0.732362
7 84 0.819683
7 85 0.461647
7 86 0.92775
7 87 0.837691
7 88 0.684182
7 89 0.306624
7 90 0.524192
7 91 0.867322
7 92 -0.722567
7 93 0.809791
7 94 0.923059
7 95 0.904255
7 96 0.809627
7 97 -0.277655
7 98 0.106386
7 99 0.129774
7 100 -0.543627
8 0 -0.287389
8 1 -0.212044
8 2 -0.114556
8 3 0.660257
8 4 0.330833
8 5 0.0930046
8 6 0.0787165
8 7 -0.303886
8 8 1
8 9 0.205496
8 10 0.375629
8 11 -0.321363
8 12 -0.406232
8 13 0.129982
8 14 -0.376717
8 15 -0.242617
8 16 -0.250998
8 17 -0.108756
8 18 0.487191
8 19 0.328125
8 20 0.485859
8 21 -0.413015
8 22 0.17161
8 23 0.554804
8 24 -0.268963
8 25 0.664168
8 26 -0.3068
8 27 0.589406
8 28 0.454659
8 29 0.538402
8 30 0.502327
8 31 -0.148048
8 32 -0.345581
8 33 -0.248149
8 34 -0.37974
8 35 0.096327
8 36 0.0187458
8 37 -0.136238
8 38 0.597859
8 39 0.00559975
8 40 -0.196101
8 41 0.218638
8 42 -0.250468
8 43 -0.213714
8 44 -0.480937
8 45 -0.112701
8 46 -0.451446
8 47 -0.0804815
8 48 -0.553866
8 49 0.267376
8 50 0.503545
8 51 -0.204509
8 52 0.164754
8 53 0.530227
8 54 -0.29816
8 55 -0.494859
8 56 -0.0930701
8 57 0.352954
8 58 0.189195
8 59 0.337463
8 60 -0.14346
8 61 -0.454759
8 62 0.423107
8 63 -0.472518
8 64 -0.145716
8 65 -0.00056825
8 66 -0.192323
8 67 -0.234237
8 68 -0.109051
8 69 -0.252868
8 70 0.715097
8 71 -0.211184
8 72 -0.1854
8 73 0.0134764
8 74 -0.231125
8 75 -0.425018
8 76 0.497524
8 77 -0.13952
8 78 0.0640656
8 79 -0.282464
8 80 -0.294205
8 81 0.191721
8 82 0.4349
8 83 0.395324
8 84 -0.332173
8 85 0.200502
8 86 -0.264414
8 87 -0.289971
8 88 -0.0772262
8 89 -0.0121749
8 90 -0.138458
8 91 -0.0564287
8 92 0.133393
8 93 -0.28536
8 94 -0.250876
8 95 -0.36624
8 96 -0.240786
8 97 0.0255968
8 98 -0.212208
8 99 0.656482
8 100 0.229611
9 0 -0.244335
9 1 -0.217263
9 2 -0.267135
9 3 0.0612821
9 4 0.373413
9 5 -0.532436
9 6 0.663627
9 7 -0.360534
9 8 0.205496
9 9 1
9 10 -0.152096
9 11 -0.382763
9 12 -0.00492751
9 13 -0.389559
9 14 -0.384911
9 15 -0.359226
9 16 -0.458351
9 17 -0.445165
9 18 0.669102
9 19 0.517248
9 20 0.235894
9 21 0.00884497
9 22 -0.416106
9 23 0.509737
9 24 -0.381367
9 25 0.204234
9 26 -0.241871
9 27 0.635187
9 28 0.444642
9 29 0.735742
9 30 0.0242737
9 31 -0.388679
9 32 0.133026
9 33 -0.344882
9 34 0.372119
9 35 0.390683
9 36 -0.174335
9 37 -0.176235
9 38 0.474061
9 39 -0.210762
9 40 0.670601
9 41 0.566427
9 42 -0.586449
9 43 -0.299834
9 44 -0.156356
9 45 -0.133707
9 46 -0.350483
9 47 -0.304611
9 48 0.331648
9 49 0.56808
9 50 0.0748879
9 51 0.473292
9 52 -0.666608
9 53 -0.253084
9 54 0.0853336
9 55 -0.258797
9 56 -0.668427
9 57 0.158534
9 58 -0.241626
9 59 0.60555
9 60 0.17485
9 61 -0.512552
9 62 0.478939
9 63 -0.305312
9 64 -0.337377
9 65 -0.231268
9 66 -0.494819
9 67 -0.336598
9 68 -0.682736
9 69 -0.540151
9 70 0.138239
9 71 -0.284333
9 72 0.273007
9 73 0.572471
9 74 0.010641
9 75 0.362806
9 76 -0.367465
9 77 -0.121642
9 78 0.120946
9 79 -0.363002
9 80 -0.0918943
9 81 0.685678
9 82 0.377045
9 83 0.432638
9 84 -0.138345
9 85 0.193609
9 86 -0.472676
9 87 -0.0744186
9 88 -0.046022
9 89 0.223101
9 90 0.217347
9 91 -0.338179
9 92 0.682609
9 93 -0.236079
9 94 -0.448989
9 95 -0.152958
9 96 0.019138
9 97 -0.287391
9 98 0.607332
9 99 -0.151591
9 100 0.294271
10 0 0.501743
10 1 0.402492
10 2 0.571067
10 3 0.162372
10 4 0.305735
10 5 0.814307
10 6 -0.401004
10 7 0.544103
10 8 0.375629
10 9 -0.152096
10 10 1
10 11 0.019503
10 12 0.369689
10 13 0.69305
10 14 0.404653
10 15 0.519517
10 16 0.545162
10 17 0.596914
10 18 0.306191
10 19 0.557815
10 20 0.54705
10 21 0.384551
10 22 0.296757
10 23 0.263367
10 24 0.411193
10 25 0.242304
10 26 0.289107
10 27 -0.167472
10 28 0.0671758
10 29 -0.000186108
10 30 0.767373
10 31 0.572365
10 32 0.384218
10 33 0.335449
10 34 -0.584167
10 35 -0.551554
10 36 0.696655
10 37 0.59609
10 38 -0.282925
10 39 0.67275
10 40 -0.376655
10 41 0.0123666
10 42 0.460721
10 43 0.329288
10 44 0.153679
10 45 0.66058
10 46 0.114679
10 47 0.673321
10 48 -0.360182
10 49 -0.445322
10 50 0.725291
10 51 0.256574
10 52 0.37753
10 53 -0.0377494
10 54 0.44494
10 55 0.190498
10 56 0.502611
10 57 -0.0183075
10 58 0.877415
10 59 -0.0551491
10 60 0.220058
10 61 0.309403
10 62 0.442693
10 63 0.298305
10 64 0.476231
10 65 0.614725
10 66 0.558909
10 67 0.601387
10 68 0.374112
10 69 0.556058
10 70 0.322796
10 71 0.541028
10 72 -0.603252
10 73 0.438255
10 74 0.311986
10 75 -0.270849
10 76 0.506823
10 77 0.560081
10 78 -0.0206699
10 79 0.468276
10 80 0.320885
10 81 -0.24133
10 82 0.627778
10 83 -0.209499
10 84 0.320701
10 85 0.616276
10 86 0.497183
10 87 0.500632
10 88 0.263789
10 89 0.304862
10 90 0.22901
10 91 0.709514
10 92 -0.465161
10 93 0.67367
10 94 0.568141
10 95 0.442409
10 96 0.549228
10 97 -0.151763
10 98 -0.0231466
10 99 0.546166
10 100 -0.116932
11 0 0.685215
11 1 0.741062
11 2 0.669337
11 3 1.42249e-05
11 4 -0.673142
11 5 0.219087
11 6 -0.497523
11 7 0.640692
11 8 -0.321363
11 9 -0.382763
11 10 0.019503
11 11 1
11 12 0.598748
11 13 0.606793
11 14 0.813639
11 15 0.731394
11 16 0.71061
11 17 0.708685
11 18 -0.394866
11 19 -0.254587
11 20 -0.696426
11 21 0.429637
11 22 -0.0559771
11 23 -0.841493
11 24 0.758647
11 25 -0.0121096
11 26 0.839692
11 27 -0.496944
11 28 -0.68719
11 29 -0.472442
11 30 -0.0737401
11 31 0.746333
11 32 0.360444
11 33 0.879148
11 34 -0.0601634
11 35 -0.368359
11 36 0.429331
11 37 0.637801
11 38 -0.57576
11 39 0.436727
11 40 -0.188899
11 41 -0.209119
11 42 0.80449
11 43 0.861678
11 44 0.79088
11 45 0.570684
11 46 0.845646
11 47 0.599185
11 48 0.39997
11 49 -0.640676
11 50 -0.121687
11 51 -0.0965105
11 52 0.61438
11 53 -0.203057
11 54 0.37462
11 55 0.830471
11 56 0.744078
11 57 -0.747143
11 58 0.245019
11 59 -0.713215
11 60 0.5926
11 61 0.790602
11 62 -0.401866
11 63 0.79135
11 64 0.809461
11 65 0.686072
11 66 0.739369
11 67 0.647615
11 68 0.649074
11 69 0.536649
11 70 -0.616976
11 71 0.648094
11 72 0.238066
11 73 -0.291685
11 74 0.603488
11 75 -0.269639
11 76 0.179975
11 77 0.662622
11 78 0.371137
11 79 0.693712
11 80 0.775775
11 81 -0.753082
11 82 -0.317078
11 83 -0.778104
11 84 0.805117
11 85 0.231306
11 86 0.767316
11 87 0.592824
11 88 0.799911
11 89 0.372971
11 90 0.648367
11 91 0.581408
11 92 -0.509447
11 93 0.411854
11 94 0.7103
11 95 0.589088
11 96 0.48954
11 97 -0.0421536
11 98 -0.0805374
11 99 0.191989
11 100 -0.722926
12 0 0.884937
12 1 0.790218
12 2 0.813684
12 3 -0.33227
12 4 -0.263944
12 5 0.388032
12 6 -0.334775
12 7 0.836373
12 8 -0.406232
12 9 -0.00492751
12 10 0.369689
12 11 0.598748
12 12 1
12 13 0.58374
12 14 0.836527
12 15 0.840175
12 16 0.782666
12 17 0.733959
12 18 0.0287094
12 19 0.268099
12 20 -0.178131
12 21 0.863038
12 22 -0.223334
12 23 -0.450412
12 24 0.74163
12 25 -0.194491
12 26 0.822635
12 27 -0.561963
12 28 -0.498345
12 29 -0.184834
12 30 0.168691
12 31 0.820472
12 32 0.840198
12 33 0.760066
12 34 -0.0232401
12 35 -0.547058
12 36 0.691787
12 37 0.813816
12 38 -0.769626
12 39 0.671124
12 40 0.0367482
12 41 0.00817617
12 42 0.697101
12 43 0.785208
12 44 0.873132
12 45 0.840625
12 46 0.783775
12 47 0.793173
12 48 0.564675
12 49 -0.671213
12 50 0.158682
12 51 0.553637
12 52 0.142732
12 53 -0.63898
12 54 0.86039
12 55 0.876784
12 56 0.510155
12 57 -0.687084
12 58 0.512272
12 59 -0.364626
12 60 0.712122
12 61 0.786935
12 62 0.0587877
12 63 0.903325
12 64 0.747138
12 65 0.759548
12 66 0.749503
12 67 0.872784
12 68 0.356818
12 69 0.600751
12 70 -0.561541
12 71 0.804236
12 72 -0.122237
12 73 0.422042
12 74 0.833544
12 75 0.0852799
12 76 -0.13221
12 77 0.881471
12 78 0.131379
12 79 0.800257
12 80 0.914009
12 81 -0.384765
12 82 0.220019
12 83 -0.755768
12 84 0.899264
12 85 0.569503
12 86 0.773377
12 87 0.916104
12 88 0.751117
12 89 0.452907
12 90 0.780196
12 91 0.78582
12 92 -0.435698
12 93 0.786234
12 94 0.818457
12 95 0.880957
12 96 0.886096
12 97 -0.427084
12 98 0.478249
12 99 -0.0747432
12 100 -0.61045
13 0 0.797158
13 1 0.701258
13 2 0.790274
13 3 0.312376
13 4 -0.135279
13 5 0.749465
13 6 -0.701979
13 7 0.731814
13 8 0.129982
13 9 -0.389559
13 10 0.69305
13 11 0.606793
13 12 0.58374
13 13 1
13 14 0.798186
13 15 0.828686
13 16 0.850869
13 17 0.894709
13 18 -8.74023e-05
13 19 0.255878
13 20 -0.00464746
13 21 0.454092
13 22 0.339625
13 23 -0.305635
13 24 0.805056
13 25 0.240117
13 26 0.696472
13 27 -0.475427
13 28 -0.364502
13 29 -0.220982
13 30 0.600562
13 31 0.856425
13 32 0.424821
13 33 0.778725
13 34 -0.668359
13 35 -0.601526
13 36 0.774441
13 37 0.88383
13 38 -0.541424
13 39 0.763959
13 40 -0.491081
13 41 -0.103663
13 42 0.849343
13 43 0.792954
13 44 0.532272
13 45 0.791885
13 46 0.535123
13 47 0.901565
13 48 -0.158311
13 49 -0.765917
13 50 0.527964
13 51 0.049092
13 52 0.750556
13 53 -0.0941483
13 54 0.47653
13 55 0.567965
13 56 0.832989
13 57 -0.409597
13 58 0.832497
13 59 -0.55735
13 60 0.472157
13 61 0.670338
13 62 0.167625
13 63 0.663316
13 64 0.900984
13 65 0.913063
13 66 0.893566
13 67 0.820102
13 68 0.681726
13 69 0.757176
13 70 -0.0816955
13 71 0.792481
13 72 -0.380079
13 73 0.00486856
13 74 0.556201
13 75 -0.53044
13 76 0.570138
13 77 0.798486
13 78 0.219236
13 79 0.802843
13 80 0.628138
13 81 -0.73919
13 82 0.215518
13 83 -0.62561
13 84 0.677034
13 85 0.562438
13 86 0.821853
13 87 0.693022
13 88 0.655613
13 89 0.501329
13 90 0.501875
13 91 0.897212
13 92 -0.699193
13 93 0.762162
13 94 0.861072
13 95 0.642879
13 96 0.668725
13 97 -0.0138831
13 98 -0.163839
13 99 0.648801
13 100 -0.610738
14 0 0.927515
14 1 0.856197
14 2 0.842667
14 3 -0.105628
14 4 -0.327106
14 5 0.596798
14 6 -0.561378
14 7 0.883633
14 8 -0.376717
14 9 -0.384911
14 10 0.404653
14 11 0.813639
14 12 0.836527
14 13 0.798186
14 14 1
14 15 0.913456
14 16 0.938785
14 17 0.882371
14 18 -0.249482
14 19 0.109114
14 20 -0.33683
14 21 0.725077
14 22 0.0901273
14 23 -0.612987
14 24 0.949619
14 25 -0.159374
14 26 0.923753
14 27 -0.709485
14 28 -0.551509
14 29 -0.454134
14 30 0.265498
14 31 0.920757
14 32 0.683711
14 33 0.890197
14 34 -0.282122
14 35 -0.54822
14 36 0.731864
14 37 0.909464
14 38 -0.80491
14 39 0.720899
14 40 -0.196472
14 41 -0.107868
14 42 0.932224
14 43 0.892442
14 44 0.848846
14 45 0.864562
14 46 0.808189
14 47 0.854154
14 48 0.289992
14 49 -0.793143
14 50 0.142477
14 51 0.255529
14 52 0.559768
14 53 -0.475596
14 54 0.701801
14 55 0.902991
14 56 0.80958
14 57 -0.652232
14 58 0.627313
14 59 -0.705134
14 60 0.65302
14 61 0.908571
14 62 -0.169338
14 63 0.93653
14 64 0.924318
14 65 0.849001
14 66 0.92232
14 67 0.913981
14 68 0.656291
14 69 0.817753
14 70 -0.518029
14 71 0.864549
14 72 -0.129799
14 73 0.106093
14 74 0.713948
14 75 -0.136238
14 76 0.206731
14 77 0.891155
14 78 0.261454
14 79 0.924272
14 80 0.865821
14 81 -0.719981
14 82 -0.0287605
14 83 -0.829701
14 84 0.913654
14 85 0.528667
14 86 0.927395
14 87 0.867829
14 88 0.738595
14 89 0.542316
14 90 0.645582
14 91 0.862527
14 92 -0.615699
14 93 0.827022
14 94 0.945671
14 95 0.804159
14 96 0.823084
14 97 -0.121907
14 98 0.0735418
14 99 0.202234
14 100 -0.661345
15 0 0.912582
15 1 0.869009
15 2 0.916
15 3 -0.165493
15 4 -0.372664
15 5 0.635517
15 6 -0.660006
15 7 0.926239
15 8 -0.242617
15 9 -0.359226
15 10 0.519517
15 11 0.731394
15 12 0.840175
15 13 0.828686
15 14 0.913456
15 15 1
15 16 0.927698
15 17 0.923951
15 18 -0.139517
15 19 0.122281
15 20 -0.172718
15 21 0.672756
15 22 0.0869255
15 23 -0.525422
15 24 0.846002
15 25 -0.0796005
15 26 0.810713
15 27 -0.621798
15 28 -0.614462
15 29 -0.397071
15 30 0.338156
15 31 0.934916
15 32 0.645634
15 33 0.917666
15 34 -0.307246
15 35 -0.766901
15 36 0.813597
15 37 0.89685
15 38 -0.820869
15 39 0.812004
15 40 -0.41011
15 41 -0.260285
15 42 0.930884
15 43 0.899126
15 44 0.792082
15 45 0.832241
15 46 0.809535
15 47 0.926271
15 48 0.251298
15 49 -0.890884
15 50 0.304464
15 51 0.226726
15 52 0.562773
15 53 -0.359526
15 54 0.637972
15 55 0.834362
15 56 0.820646
15 57 -0.696398
15 58 0.696956
15 59 -0.545037
15 60 0.580605
15 61 0.898681
15 62 0.0319497
15 63 0.909796
15 64 0.920896
15 65 0.926963
15 66 0.957818
15 67 0.950306
15 68 0.722889
15 69 0.762967
15 70 -0.437278
15 71 0.929573
15 72 -0.286455
15 73 0.101981
15 74 0.772396
15 75 -0.263922
15 76 0.265499
15 77 0.902824
15 78 0.100031
15 79 0.908196
15 80 0.876244
15 81 -0.721301
15 82 0.16476
15 83 -0.808693
15 84 0.865012
15 85 0.487325
15 86 0.918907
15 87 0.85157
15 88 0.816216
15 89 0.35539
15 90 0.629649
15 91 0.941991
15 92 -0.762882
15 93 0.782968
15 94 0.971786
15 95 0.901881
15 96 0.789411
15 97 -0.362719
15 98 0.0706923
15 99 0.221365
15 100 -0.744412
16 0 0.885901
16 1 0.828811
16 2 0.807414
16 3 -0.048757
16 4 -0.230109
16 5 0.742361
16 6 -0.64275
16 7 0.896736
16 8 -0.250998
16 9 -0.458351
16 10 0.545162
16 11 0.71061
16 12 0.782666
16 13 0.850869
16 14 0.938785
16 15 0.927698
16 16 1
16 17 0.931388
16 18 -0.269824
16 19 0.202517
16 20 -0.128691
16 21 0.640815
16 22 0.282622
16 23 -0.507508
16 24 0.914601
16 25 -0.173929
16 26 0.845579
16 27 -0.678129
16 28 -0.478062
16 29 -0.451991
16 30 0.404779
16 31 0.911955
16 32 0.636407
16 33 0.847935
16 34 -0.333048
16 35 -0.63789
16 36 0.854753
16 37 0.907994
16 38 -0.793954
16 39 0.854377
16 40 -0.363324
16 41 -0.154813
16 42 0.958088
16 43 0.828496
16 44 0.725833
16 45 0.887115
16 46 0.709482
16 47 0.893003
16 48 0.12697
16 49 -0.842013
16 50 0.302237
16 51 0.222778
16 52 0.642891
16 53 -0.418735
16 54 0.632851
16 55 0.821769
16 56 0.834238
16 57 -0.537762
16 58 0.746998
16 59 -0.625289
16 60 0.582437
16 61 0.925014
16 62 -0.0729578
16 63 0.86624
16 64 0.915854
16 65 0.880723
16 66 0.96339
16 67 0.948505
16 68 0.748978
16 69 0.895109
16 70 -0.35787
16 71 0.930204
16 72 -0.316536
16 73 0.114154
16 74 0.627443
16 75 -0.231175
16 76 0.360123
16 77 0.888617
16 78 0.177069
16 79 0.949602
16 80 0.788422
16 81 -0.746218
16 82 0.0655122
16 83 -0.777586
16 84 0.825301
16 85 0.560014
16 86 0.924152
16 87 0.80557
16 88 0.654211
16 89 0.457522
16 90 0.512552
16 91 0.922823
16 92 -0.721581
16 93 0.847438
16 94 0.959368
16 95 0.831181
16 96 0.795156
16 97 -0.13646
16 98 0.00482189
16 99 0.295351
16 100 -0.600275
17 0 0.819879
17 1 0.75538
17 2 0.82248
17 3 0.0473609
17 4 -0.309194
17 5 0.740354
17 6 -0.675041
17 7 0.88893
17 8 -0.108756
17 9 -0.445165
17 10 0.596914
17 11 0.708685
17 12 0.733959
17 13 0.894709
17 14 0.882371
17 15 0.923951
17 16 0.931388
17 17 1
17 18 -0.199919
17 19 0.187772
17 20 -0.0956155
17 21 0.539151
17 22 0.316139
17 23 -0.482947
17 24 0.860338
17 25 0.0484724
17 26 0.75533
17 27 -0.544714
17 28 -0.518262
17 29 -0.393195
17 30 0.444869
17 31 0.915146
17 32 0.480206
17 33 0.844974
17 34 -0.382945
17 35 -0.702277
17 36 0.855845
17 37 0.874903
17 38 -0.713865
17 39 0.860565
17 40 -0.47977
17 41 -0.306241
17 42 0.939491
17 43 0.857358
17 44 0.650947
17 45 0.829595
17 46 0.679526
17 47 0.916844
17 48 0.0500047
17 49 -0.854718
17 50 0.466681
17 51 0.0495105
17 52 0.721888
17 53 -0.192232
17 54 0.511389
17 55 0.725003
17 56 0.880233
17 57 -0.519755
17 58 0.739481
17 59 -0.512586
17 60 0.601113
17 61 0.847927
17 62 0.0862515
17 63 0.807566
17 64 0.922296
17 65 0.908225
17 66 0.969499
17 67 0.903126
17 68 0.827431
17 69 0.836058
17 70 -0.213547
17 71 0.904627
17 72 -0.286924
17 73 0.0453949
17 74 0.658404
17 75 -0.340664
17 76 0.470157
17 77 0.832631
17 78 0.155517
17 79 0.867209
17 80 0.759976
17 81 -0.76914
17 82 0.181417
17 83 -0.726681
17 84 0.754294
17 85 0.483999
17 86 0.930673
17 87 0.729894
17 88 0.695742
17 89 0.361674
17 90 0.518962
17 91 0.912549
17 92 -0.785969
17 93 0.786863
17 94 0.930329
17 95 0.831605
17 96 0.692813
17 97 -0.120678
17 98 -0.0453242
17 99 0.401257
17 100 -0.625852
18 0 -0.0146556
18 1 -0.120971
18 2 0.0362587
18 3 0.173937
18 4 0.459127
18 5 -0.15962
18 6 0.357636
18 7 -0.12236
18 8 0.487191
18 9 0.669102
18 10 0.306191
18 11 -0.394866
18 12 0.0287094
18 13 -8.74023e-05
18 14 -0.249482
18 15 -0.139517
18 16 -0.269824
18 17 -0.199919
18 18 1
18 19 0.494775
18 20 0.488413
18 21 0.129599
18 22 -0.320341
18 23 0.661611
18 24 -0.271774
18 25 0.411834
18 26 -0.208052
18 27 0.388974
18 28 0.39743
18 29 0.736569
18 30 0.344043
18 31 -0.112514
18 32 0.21587
18 33 -0.226488
18 34 -0.240571
18 35 0.0951545
18 36 -0.00408506
18 37 0.0100354
18 38 0.341403
18 39 -0.0642965
18 40 0.253568
18 41 0.452582
18 42 -0.359329
18 43 -0.112538
18 44 -0.129545
18 45 0.0242995
18 46 -0.258702
18 47 0.036127
18 48 0.00673685
18 49 0.300175
18 50 0.376974
18 51 0.419247
18 52 -0.452689
18 53 -0.0883945
18 54 0.233588
18 55 -0.258595
18 56 -0.410816
18 57 0.0957951
18 58 0.166886
18 59 0.469299
18 60 0.0965314
18 61 -0.403376
18 62 0.664757
18 63 -0.198622
18 64 -0.172988
18 65 0.0467295
18 66 -0.262341
18 67 -0.11047
18 68 -0.49816
18 69 -0.324254
18 70 0.314679
18 71 -0.180883
18 72 -0.144146
18 73 0.526702
18 74 0.112695
18 75 0.00865119
18 76 -0.112853
18 77 0.0594675
18 78 -0.0480023
18 79 -0.184519
18 80 -0.100528
18 81 0.554758
18 82 0.610178
18 83 0.314267
18 84 -0.0573334
18 85 0.316274
18 86 -0.241328
18 87 0.124764
18 88 0.0472092
18 89 0.18879
18 90 0.221719
18 91 -0.0319222
18 92 0.351648
18 93 0.0286317
18 94 -0.192838
18 95 -0.0601272
18 96 0.178249
18 97 -0.255604
18 98 0.379541
18 99 0.143886
18 100 0.106108
19 0 0.179895
19 1 0.10152
19 2 0.100409
19 3 0.270634
19 4 0.683469
19 5 0.356597
19 6 0.180841
19 7 0.163479
19 8 0.328125
19 9 0.517248
19 10 0.557815
19 11 -0.254587
19 12 0.268099
19 13 0.255878
19 14 0.109114
19 15 0.122281
19 16 0.202517
19 17 0.187772
19 18 0.494775
19 19 1
19 20 0.622713
19 21 0.219866
19 22 0.281948
19 23 0.575574
19 24 0.191825
19 25 0.120319
19 26 0.0703387
19 27 0.287203
19 28 0.502593
19 29 0.450702
19 30 0.654198
19 31 0.118524
19 32 0.369583
19 33 -0.0435296
19 34 -0.130901
19 35 -0.0473258
19 36 0.535764
19 37 0.401661
19 38 0.119805
19 39 0.504147
19 40 0.259112
19 41 0.437819
19 42 -0.00339679
19 43 -0.0171855
19 44 -0.0691445
19 45 0.450024
19 46 -0.287466
19 47 0.277815
19 48 -0.136413
19 49 0.0575496
19 50 0.666068
19 51 0.533436
19 52 -0.0861446
19 53 -0.348342
19 54 0.338939
19 55 -0.0352524
19 56 -0.087238
19 57 0.314488
19 58 0.532857
19 59 0.315285
19 60 0.376903
19 61 -0.0640735
19 62 0.650605
19 63 -0.00912595
19 64 0.153096
19 65 0.254165
19 66 0.127977
19 67 0.231043
19 68 -0.103566
19 69 0.21479
19 70 0.456175
19 71 0.316518
19 72 -0.246826
19 73 0.781671
19 74 0.116737
19 75 0.215223
19 76 0.260193
19 77 0.330493
19 78 0.224982
19 79 0.229938
19 80 0.131471
19 81 0.237886
19 82 0.634447
19 83 0.223367
19 84 0.0980648
19 85 0.694444
19 86 0.0513653
19 87 0.261205
19 88 -0.0149264
19 89 0.546037
19 90 0.134245
19 91 0.281241
19 92 0.157973
19 93 0.403002
19 94 0.129974
19 95 0.256226
19 96 0.444167
19 97 -0.0904528
19 98 0.443496
19 99 0.323165
19 100 0.226804
20 0 -0.218082
20 1 -0.349949
20 2 -0.169707
20 3 0.122788
20 4 0.74459
20 5 0.358724
20 6 0.167573
20 7 -0.0684513
20 8 0.485859
20 9 0.235894
20 10 0.54705
20 11 -0.696426
20 12 -0.178131
20 13 -0.00464746
20 14 -0.33683
20 15 -0.172718
20 16 -0.128691
20 17 -0.0956155
20 18 0.488413
20 19 0.622713
20 20 1
20 21 -0.163579
20 22 0.358753
20 23 0.815937
20 24 -0.286525
20 25 0.132152
20 26 -0.456245
20 27 0.314038
20 28 0.633241
20 29 0.400666
20 30 0.647827
20 31 -0.209663
20 32 -0.0240012
20 33 -0.461262
20 34 -0.260824
20 35 -0.137795
20 36 0.243659
20 37 -0.0466549
20 38 0.225779
20 39 0.235166
20 40 -0.150403
20 41 0.061208
20 42 -0.265905
20 43 -0.446065
20 44 -0.556112
20 45 -0.0232812
20 46 -0.609484
20 47 0.00801995
20 48 -0.55171
20 49 0.143884
20 50 0.603842
20 51 0.169653
20 52 -0.158707
20 53 0.0476828
20 54 -0.0787739
20 55 -0.496547
20 56 -0.247333
20 57 0.541106
20 58 0.393665
20 59 0.543456
20 60 -0.222545
20 61 -0.338709
20 62 0.681508
20 63 -0.395069
20 64 -0.25185
20 65 -0.0580284
20 66 -0.154259
20 67 -0.0488657
20 68 -0.169635
20 69 -0.00968942
20 70 0.71664
20 71 -0.0390827
20 72 -0.661472
20 73 0.512212
20 74 -0.328963
20 75 0.00256369
20 76 0.316572
20 77 -0.0892354
20 78 -0.347525
20 79 -0.164374
20 80 -0.365711
20 81 0.357796
20 82 0.693686
20 83 0.435057
20 84 -0.397951
20 85 0.245182
20 86 -0.251086
20 87 -0.148413
20 88 -0.406625
20 89 -0.138606
20 90 -0.414097
20 91 0.0272942
20 92 0.0113744
20 93 0.0912544
20 94 -0.157686
20 95 -0.0632025
20 96 -0.00884572
20 97 -0.057912
20 98 -0.0118184
20 99 0.242844
20 100 0.504306
21 0 0.823814
21 1 0.725716
21 2 0.7302
21 3 -0.428004
21 4 -0.103296
21 5 0.34174
21 6 -0.187554
21 7 0.732087
21 8 -0.413015
21 9 0.00884497
21 10 0.384551
21 11 0.429637
21 12 0.863038
21 13 0.454092
21 14 0.725077
21 15 0.672756
21 16 0.640815
21 17 0.539151
21 18 0.129599
21 19 0.219866
21 20 -0.163579
21 21 1
21 22 -0.336806
21 23 -0.309509
21 24 0.636081
21 25 -0.291993
21 26 0.74091
21 27 -0.590968
21 28 -0.337074
21 29 -0.128304
21 30 0.134935
21 31 0.706037
21 32 0.897478
21 33 0.605276
21 34 -0.0643909
21 35 -0.357349
21 36 0.496494
21 37 0.658647
21 38 -0.682841
21 39 0.450587
21 40 0.199228
21 41 0.216725
21 42 0.539831
21 43 0.658305
21 44 0.824867
21 45 0.754538
21 46 0.707667
21 47 0.635291
21 48 0.540641
21 49 -0.438598
21 50 0.0518346
21 51 0.707843
21 52 -0.0540658
21 53 -0.6901
21 54 0.948915
21 55 0.796574
21 56 0.377015
21 57 -0.574984
21 58 0.482382
21 59 -0.332051
21 60 0.611795
21 61 0.649341
21 62 -0.0423883
21 63 0.809421
21 64 0.536539
21 65 0.565698
21 66 0.580175
21 67 0.722504
21 68 0.15511
21 69 0.541958
21 70 -0.572015
21 71 0.599903
21 72 -0.0618743
21 73 0.51813
21 74 0.783062
21 75 0.268582
21 76 -0.318649
21 77 0.74926
21 78 0.19116
21 79 0.686123
21 80 0.763809
21 81 -0.152805
21 82 0.161324
21 83 -0.612601
21 84 0.819273
21 85 0.515969
21 86 0.677454
21 87 0.891584
21 88 0.56318
21 89 0.456827
21 90 0.693822
21 91 0.648981
21 92 -0.219396
21 93 0.770972
21 94 0.70301
21 95 0.701536
21 96 0.874658
21 97 -0.361427
21 98 0.486697
21 99 -0.210941
21 100 -0.435546
22 0 -0.071103
22 1 -0.125711
22 2 -0.14285
22 3 0.430608
22 4 0.33048
22 5 0.576131
22 6 -0.353499
22 7 0.0763258
22 8 0.17161
22 9 -0.416106
22 10 0.296757
22 11 -0.0559771
22 12 -0.223334
22 13 0.339625
22 14 0.0901273
22 15 0.0869255
22 16 0.282622
22 17 0.316139
22 18 -0.320341
22 19 0.281948
22 20 0.358753
22 21 -0.336806
22 22 1
22 23 0.146057
22 24 0.211357
22 25 0.00644456
22 26 -0.121637
22 27 -0.0338822
22 28 0.209412
22 29 -0.231924
22 30 0.475869
22 31 0.0268144
22 32 -0.286671
22 33 -0.0166504
22 34 -0.347241
22 35 -0.145987
22 36 0.39503
22 37 0.191764
22 38 0.0137829
22 39 0.430991
22 40 -0.431882
22 41 -0.258107
22 42 0.263896
22 43 -0.0654644
22 44 -0.35598
22 45 0.0928893
22 46 -0.326528
22 47 0.183487
22 48 -0.678557
22 49 -0.221496
22 50 0.528927
22 51 -0.364657
22 52 0.580555
22 53 0.23006
22 54 -0.339963
22 55 -0.225666
22 56 0.290209
22 57 0.502578
22 58 0.417706
22 59 -0.0873981
22 60 -0.038842
22 61 0.0926767
22 62 0.211532
22 63 -0.149956
22 64 0.182181
22 65 0.132804
22 66 0.280225
22 67 0.0899529
22 68 0.511007
22 69 0.442032
22 70 0.522797
22 71 0.270491
22 72 -0.313426
22 73 -0.173101
22 74 -0.301382
22 75 -0.251249
22 76 0.72905
22 77 -0.0457167
22 78 0.0901232
22 79 0.20525
22 80 -0.247743
22 81 -0.409603
22 82 0.0718064
22 83 0.165616
22 84 -0.231369
22 85 0.0606849
22 86 0.136152
22 87 -0.215778
22 88 -0.321519
22 89 0.0447334
22 90 -0.491628
22 91 0.183971
22 92 -0.351093
22 93 0.21064
22 94 0.149872
22 95 0.0599644
22 96 -0.103905
22 97 0.455239
22 98 -0.432135
22 99 0.475283
22 100 0.15215
23 0 -0.466183
23 1 -0.547522
23 2 -0.454242
23 3 0.214465
23 4 0.832047
23 5 -0.0361188
23 6 0.452317
23 7 -0.448939
23 8 0.554804
23 9 0.509737
23 10 0.263367
23 11 -0.841493
23 12 -0.450412
23 13 -0.305635
23 14 -0.612987
23 15 -0.525422
23 16 -0.507508
23 17 -0.482947
23 18 0.661611
23 19 0.575574
23 20 0.815937
23 21 -0.309509
23 22 0.146057
23 23 1
23 24 -0.548457
23 25 0.24516
23 26 -0.660771
23 27 0.591566
23 28 0.798169
23 29 0.639591
23 30 0.40793
23 31 -0.536568
23 32 -0.176837
23 33 -0.688493
23 34 -0.172834
23 35 0.243038
23 36 -0.157299
23 37 -0.343002
23 38 0.566922
23 39 -0.187131
23 40 0.164678
23 41 0.347851
23 42 -0.627192
23 43 -0.651527
23 44 -0.693922
23 45 -0.3038
23 46 -0.80295
23 47 -0.334184
23 48 -0.466044
23 49 0.538476
23 50 0.403978
23 51 0.201892
23 52 -0.440682
23 53 0.112092
23 54 -0.204613
23 55 -0.720253
23 56 -0.5861
23 57 0.689551
23 58 0.0715458
23 59 0.673016
23 60 -0.337587
23 61 -0.707933
23 62 0.619904
23 63 -0.674155
23 64 -0.559564
23 65 -0.381046
23 66 -0.539071
23 67 -0.441889
23 68 -0.533413
23 69 -0.389668
23 70 0.740271
23 71 -0.413344
23 72 -0.337694
23 73 0.47606
23 74 -0.466742
23 75 0.128802
23 76 0.0859252
23 77 -0.378577
23 78 -0.206202
23 79 -0.472261
23 80 -0.599297
23 81 0.679225
23 82 0.568466
23 83 0.734333
23 84 -0.590258
23 85 0.127833
23 86 -0.598474
23 87 -0.368767
23 88 -0.568916
23 89 -0.0727676
23 90 -0.450748
23 91 -0.345993
23 92 0.441563
23 93 -0.219563
23 94 -0.522642
23 95 -0.41517
23 96 -0.230603
23 97 0.00912174
23 98 0.0980897
23 99 0.136778
23 100 0.624472
24 0 0.870892
24 1 0.825318
24 2 0.782413
24 3 0.0399053
24 4 -0.222837
24 5 0.636331
24 6 -0.527107
24 7 0.815944
24 8 -0.268963
24 9 -0.381367
24 10 0.411193
24 11 0.758647
24 12 0.74163
24 13 0.805056
24 14 0.949619
24 15 0.846002
24 16 0.914601
24 17 0.860338
24 18 -0.271774
24 19 0.191825
24 20 -0.286525
24 21 0.636081
24 22 0.211357
24 23 -0.548457
24 24 1
24 25 -0.12577
24 26 0.877517
24 27 -0.634524
24 28 -0.472966
24 29 -0.432709
24 30 0.318843
24 31 0.862468
24 32 0.631895
24 33 0.832693
24 34 -0.307658
24 35 -0.458769
24 36 0.726885
24 37 0.886451
24 38 -0.67153
24 39 0.719876
24 40 -0.167652
24 41 -0.0446091
24 42 0.895721
24 43 0.832741
24 44 0.748955
24 45 0.845498
24 46 0.697878
24 47 0.806018
24 48 0.174526
24 49 -0.71513
24 50 0.19579
24 51 0.236725
24 52 0.602892
24 53 -0.431654
24 54 0.627794
24 55 0.82188
24 56 0.801578
24 57 -0.516045
24 58 0.666411
24 59 -0.67041
24 60 0.642667
24 61 0.841992
24 62 -0.141689
24 63 0.845028
24 64 0.893517
24 65 0.800512
24 66 0.887566
24 67 0.848962
24 68 0.640922
24 69 0.818568
24 70 -0.370013
24 71 0.847193
24 72 -0.0984353
24 73 0.10848
24 74 0.65236
24 75 -0.130106
24 76 0.31859
24 77 0.822224
24 78 0.372483
24 79 0.901789
24 80 0.780606
24 81 -0.696935
24 82 -0.0591635
24 83 -0.723653
24 84 0.841724
24 85 0.571456
24 86 0.87328
24 87 0.789075
24 88 0.644558
24 89 0.603325
24 90 0.552195
24 91 0.835292
24 92 -0.547556
24 93 0.78846
24 94 0.897155
24 95 0.706859
24 96 0.784966
24 97 -0.0544753
24 98 0.0401267
24 99 0.326547
24 100 -0.570526
25 0 -0.0818745
25 1 -0.0680866
25 2 0.055234
25 3 0.640406
25 4 0.0469567
25 5 -0.00388271
25 6 -0.102628
25 7 -0.202676
25 8 0.664168
25 9 0.204234
25 10 0.242304
25 11 -0.0121096
25 12 -0.194491
25 13 0.240117
25 14 -0.159374
25 15 -0.0796005
25 16 -0.173929
25 17 0.0484724
25 18 0.411834
25 19 0.120319
25 20 0.132152
25 21 -0.291993
25 22 0.00644456
25 23 0.24516
25 24 -0.12577
25 25 1
25 26 -0.130124
25 27 0.432043
25 28 0.0873974
25 29 0.385879
25 30 0.300087
25 31 0.00364495
25 32 -0.29654
25 33 0.0150371
25 34 -0.403608
25 35 0.0239134
25 36 -0.0572671
25 37 0.0153098
25 38 0.394026
25 39 -0.0712356
25 40 -0.159936
25 41 0.0944894
25 42 -0.114649
25 43 0.0595982
25 44 -0.2028
25 45 -0.0208124
25 46 -0.163239
25 47 0.0849721
25 48 -0.317432
25 49 0.0818147
25 50 0.367409
25 51 -0.264883
25 52 0.220794
25 53 0.548985
25 54 -0.216341
25 55 -0.315565
25 56 0.0675449
25 57 0.0929629
25 58 0.120342
25 59 0.169895
25 60 -0.0797954
25 61 -0.353215
25 62 0.333169
25 63 -0.252272
25 64 0.0768594
25 65 0.15915
25 66 -0.0591678
25 67 -0.146712
25 68 -0.0343183
25 69 -0.269817
25 70 0.404827
25 71 -0.14049
25 72 -0.0259181
25 73 -0.17123
25 74 0.031461
25 75 -0.581214
25 76 0.38278
25 77 -0.0451145
25 78 -0.0534791
25 79 -0.23954
25 80 -0.101244
25 81 -0.0382062
25 82 0.407109
25 83 0.157259
25 84 -0.115467
25 85 0.157709
25 86 -0.106499
25 87 -0.122685
25 88 0.181467
25 89 0.0679763
25 90 0.209203
25 91 0.0272383
25 92 -0.00712898
25 93 -0.133548
25 94 -0.117014
25 95 -0.220548
25 96 -0.164371
25 97 0.0514202
25 98 -0.14534
25 99 0.63124
25 100 -0.0982103
26 0 0.883763
26 1 0.889539
26 2 0.815579
26 3 -0.072633
26 4 -0.37719
26 5 0.409072
26 6 -0.430567
26 7 0.763707
26 8 -0.3068
26 9 -0.241871
26 10 0.289107
26 11 0.839692
26 12 0.822635
