0 WDC
1 NFLX
2 AAPL
3 SRCL
4 CTRX
5 SBAC
6 XLNX
7 NXPI
8 VRTX
9 SPLS
10 MYL
11 SIAL
12 HSIC
13 CTSH
14 AMZN
15 MAR
16 MAT
17 VRSK
18 VIP
19 BRCM
20 ROST
21 WFM
22 CHKP
23 GRMN
24 ESRX
25 REGN
26 AMAT
27 CHTR
28 KLAC
29 DTV
30 AVGO
31 PCLN
32 CTXS
33 SYMC
34 DISCA
35 PAYX
36 SIRI
37 DISCK
38 FFIV
39 ORLY
40 LVNTA
41 QCOM
42 YHOO
43 VOD
44 MU
45 MDLZ
46 GMCR
47 ALTR
48 AMGN
49 FB
50 COST
51 FISV
52 WYNN
53 ADSK
54 MSFT
55 DLTR
56 SNDK
57 FAST
58 BBBY
59 EXPE
60 EXPD
61 LLTC
62 ADP
63 GILD
64 CA
65 ILMN
66 TRIP
67 ADI
68 CHRW
69 TSCO
70 NTAP
71 VIAB
72 BIDU
73 EBAY
74 SBUX
75 CMCSA
76 NVDA
77 ADBE
78 LBTYA
79 TSLA
80 KRFT
81 MXIM
82 DISH
83 PCAR
84 TXN
85 MNST
86 BIIB
87 ATVI
88 CELG
89 GOOG
90 AKAM
91 INTC
92 INTU
93 ALXN
94 STX
95 ISRG
96 EQIX
97 CERN
98 CSCO
END
0 0 1
0 1 0.804446
0 2 -0.762294
0 3 0.61556
0 4 0.331999
0 5 0.151412
0 6 0.720888
0 7 0.68622
0 8 0.519201
0 9 0.680951
0 10 0.69675
0 11 0.724793
0 12 0.895778
0 13 0.337151
0 14 0.0526741
0 15 0.680651
0 16 0.777389
0 17 0.662681
0 18 0.698845
0 19 -0.0137512
0 20 0.249187
0 21 -0.0874523
0 22 0.33456
0 23 -0.666839
0 24 0.56081
0 25 -0.304518
0 26 0.791793
0 27 0.572481
0 28 0.618947
0 29 0.279911
0 30 0.790638
0 31 0.819741
0 32 0.672478
0 33 0.853257
0 34 0.747593
0 35 0.756345
0 36 0.247136
0 37 0.741055
0 38 -0.19438
0 39 0.724786
0 40 0.811718
0 41 0.558945
0 42 0.696579
0 43 0.535001
0 44 0.744649
0 45 0.597991
0 46 0.728048
0 47 0.0263095
0 48 0.333089
0 49 -0.432263
0 50 0.542304
0 51 0.476294
0 52 -0.00107797
0 53 0.802824
0 54 0.842446
0 55 0.636817
0 56 0.845658
0 57 0.683808
0 58 0.68259
0 59 0.210498
0 60 -0.395195
0 61 0.759874
0 62 0.752673
0 63 -0.651631
0 64 0.893577
0 65 -0.0465362
0 66 0.676219
0 67 0.785908
0 68 -0.42702
0 69 0.71559
0 70 0.362184
0 71 0.843688
0 72 -0.585712
0 73 0.0282462
0 74 0.566846
0 75 0.703238
0 76 0.262111
0 77 0.63805
0 78 0.577074
0 79 0.672287
0 80 0.705922
0 81 0.889021
0 82 -0.156766
0 83 0.792636
0 84 0.822555
0 85 -0.593277
0 86 0.768771
0 87 0.685383
0 88 0.801087
0 89 0.713516
0 90 -0.628579
0 91 0.00110819
0 92 0.524074
0 93 -0.517248
0 94 0.598428
0 95 0.076499
0 96 -0.0472462
0 97 0.783592
0 98 0.695722
1 0 0.804446
1 1 1
1 2 -0.888108
1 3 0.528438
1 4 0.55857
1 5 -0.028824
1 6 0.730647
1 7 0.796753
1 8 0.332631
1 9 0.772047
1 10 0.677278
1 11 0.55355
1 12 0.924505
1 13 0.184726
1 14 -0.0992301
1 15 0.616975
1 16 0.811151
1 17 0.585746
1 18 0.703659
1 19 -0.283779
1 20 0.236596
1 21 -0.221226
1 22 0.590094
1 23 -0.766425
1 24 0.525893
1 25 -0.57878
1 26 0.926226
1 27 0.519533
1 28 0.766205
1 29 -0.0847284
1 30 0.620943
1 31 0.83857
1 32 0.751836
1 33 0.867807
1 34 0.708233
1 35 0.810553
1 36 0.150783
1 37 0.662612
1 38 -0.094159
1 39 0.873048
1 40 0.781193
1 41 0.617448
1 42 0.680493
1 43 0.309347
1 44 0.641303
1 45 0.425475
1 46 0.718381
1 47 0.0470912
1 48 0.38954
1 49 -0.589374
1 50 0.425128
1 51 0.294897
1 52 -0.267582
1 53 0.738967
1 54 0.825853
1 55 0.64591
1 56 0.803111
1 57 0.914338
1 58 0.622777
1 59 0.306413
1 60 -0.442723
1 61 0.890342
1 62 0.709353
1 63 -0.920602
1 64 0.806691
1 65 -0.250274
1 66 0.533293
1 67 0.899469
1 68 -0.636062
1 69 0.906481
1 70 0.400501
1 71 0.703049
1 72 -0.751511
1 73 0.217554
1 74 0.410043
1 75 0.619878
1 76 0.376545
1 77 0.564155
1 78 0.354036
1 79 0.688497
1 80 0.601822
1 81 0.855857
1 82 -0.319191
1 83 0.684002
1 84 0.768425
1 85 -0.408192
1 86 0.85
1 87 0.804971
1 88 0.699714
1 89 0.869494
1 90 -0.64594
1 91 -0.332425
1 92 0.373453
1 93 -0.785603
1 94 0.135811
1 95 0.294419
1 96 -0.224514
1 97 0.812409
1 98 0.562354
2 0 -0.762294
2 1 -0.888108
2 2 1
2 3 -0.400202
2 4 -0.732783
2 5 -0.218852
2 6 -0.577377
2 7 -0.761277
2 8 -0.345759
2 9 -0.728191
2 10 -0.73811
2 11 -0.706112
2 12 -0.840505
2 13 -0.452674
2 14 -0.215863
2 15 -0.367394
2 16 -0.685518
2 17 -0.637234
2 18 -0.719733
2 19 0.288734
2 20 -0.112821
2 21 0.274144
2 22 -0.594017
2 23 0.767452
2 24 -0.525619
2 25 0.490386
2 26 -0.84281
2 27 -0.465857
2 28 -0.716641
2 29 0.158856
2 30 -0.5591
2 31 -0.883413
2 32 -0.761005
2 33 -0.858562
2 34 -0.69878
2 35 -0.680629
2 36 -0.312996
2 37 -0.665911
2 38 0.133421
2 39 -0.750186
2 40 -0.760385
2 41 -0.578107
2 42 -0.644439
2 43 -0.25752
2 44 -0.648059
2 45 -0.463819
2 46 -0.667308
2 47 0.107139
2 48 -0.35478
2 49 0.398026
2 50 -0.375339
2 51 -0.316665
2 52 0.347812
2 53 -0.676007
2 54 -0.771527
2 55 -0.649298
2 56 -0.742408
2 57 -0.7745
2 58 -0.469529
2 59 -0.327475
2 60 0.411209
2 61 -0.842532
2 62 -0.681163
2 63 0.777104
2 64 -0.814935
2 65 0.199339
2 66 -0.512923
2 67 -0.757965
2 68 0.489738
2 69 -0.799913
2 70 -0.330264
2 71 -0.709274
2 72 0.614155
2 73 -0.13574
2 74 -0.436407
2 75 -0.619609
2 76 -0.291034
2 77 -0.537562
2 78 -0.510153
2 79 -0.567917
2 80 -0.601454
2 81 -0.712986
2 82 0.478433
2 83 -0.63766
2 84 -0.791921
2 85 0.499282
2 86 -0.72282
2 87 -0.736778
2 88 -0.774281
2 89 -0.822959
2 90 0.521971
2 91 0.180465
2 92 -0.599268
2 93 0.681205
2 94 -0.132431
2 95 -0.246946
2 96 0.152932
2 97 -0.737734
2 98 -0.66219
3 0 0.61556
3 1 0.528438
3 2 -0.400202
3 3 1
3 4 0.0567317
3 5 0.321583
3 6 0.640985
3 7 0.168421
3 8 0.898149
3 9 0.373314
3 10 0.59818
3 11 0.398126
3 12 0.722964
3 13 -0.159647
3 14 -0.372557
3 15 0.48824
3 16 0.833911
3 17 0.84505
3 18 0.11499
3 19 0.26613
3 20 -0.0870941
3 21 -0.454394
3 22 -0.181679
3 23 -0.743585
3 24 0.773167
3 25 -0.041602
3 26 0.393302
3 27 0.924735
3 28 -0.0128047
3 29 0.534234
3 30 0.552267
3 31 0.407981
3 32 0.334875
3 33 0.756982
3 34 0.875819
3 35 0.836715
3 36 -0.206788
3 37 0.866137
3 38 -0.723461
3 39 0.676724
3 40 0.558798
3 41 0.397205
3 42 0.841605
3 43 0.674111
3 44 0.9073
3 45 0.794668
3 46 0.878408
3 47 0.106521
3 48 0.811925
3 49 -0.770251
3 50 0.709169
3 51 0.874428
3 52 -0.0425161
3 53 0.782143
3 54 0.628818
3 55 0.817852
3 56 0.855764
3 57 0.443013
3 58 0.889949
3 59 -0.295379
3 60 -0.832937
3 61 0.479761
3 62 0.899815
3 63 -0.38461
3 64 0.473302
3 65 0.357357
3 66 0.872848
3 67 0.508638
3 68 -0.548323
3 69 0.479777
3 70 -0.282437
3 71 0.782366
3 72 -0.751286
3 73 -0.518283
3 74 0.595567
3 75 0.683149
3 76 0.373891
3 77 0.923842
3 78 0.588991
3 79 0.309504
3 80 0.914458
3 81 0.565069
3 82 -0.0736366
3 83 0.797708
3 84 0.723132
3 85 -0.22369
3 86 0.833101
3 87 0.65988
3 88 0.771877
3 89 0.656978
3 90 -0.785505
3 91 0.156553
3 92 0.583472
3 93 -0.245486
3 94 0.309917
3 95 -0.536846
3 96 -0.48766
3 97 0.83515
3 98 0.383041
4 0 0.331999
4 1 0.55857
4 2 -0.732783
4 3 0.0567317
4 4 1
4 5 0.13507
4 6 0.289985
4 7 0.676448
4 8 0.078259
4 9 0.375451
4 10 0.487704
4 11 0.434107
4 12 0.488442
4 13 0.410224
4 14 0.429484
4 15 0.0616519
4 16 0.404924
4 17 0.335199
4 18 0.539462
4 19 -0.292661
4 20 0.071948
4 21 -0.423437
4 22 0.669597
4 23 -0.48047
4 24 0.321004
4 25 -0.478318
4 26 0.633123
4 27 0.110277
4 28 0.524194
4 29 -0.55475
4 30 0.137465
4 31 0.662633
4 32 0.600801
4 33 0.51463
4 34 0.377047
4 35 0.426066
4 36 0.488554
4 37 0.306194
4 38 -0.0739956
4 39 0.51964
4 40 0.361044
4 41 0.498738
4 42 0.408326
4 43 -0.165397
4 44 0.313311
4 45 0.147103
4 46 0.223575
4 47 0.119267
4 48 0.182398
4 49 -0.159008
4 50 0.0404758
4 51 0.0886453
4 52 -0.513959
4 53 0.242935
4 54 0.37542
4 55 0.360706
4 56 0.300356
4 57 0.599829
4 58 0.00827683
4 59 0.230502
4 60 -0.189208
4 61 0.7137
4 62 0.340098
4 63 -0.470627
4 64 0.426494
4 65 -0.300241
4 66 0.0880551
4 67 0.52744
4 68 -0.479731
4 69 0.58664
4 70 0.103158
4 71 0.307569
4 72 -0.411618
4 73 0.248188
4 74 0.10016
4 75 0.486471
4 76 0.203633
4 77 0.252777
4 78 0.251934
4 79 0.306462
4 80 0.238546
4 81 0.299316
4 82 -0.562575
4 83 0.184042
4 84 0.50591
4 85 -0.291923
4 86 0.39121
4 87 0.577023
4 88 0.455753
4 89 0.616351
4 90 -0.264242
4 91 -0.0928645
4 92 0.438996
4 93 -0.614392
4 94 -0.230057
4 95 0.310689
4 96 0.0638221
4 97 0.469069
4 98 0.413731
5 0 0.151412
5 1 -0.028824
5 2 -0.218852
5 3 0.321583
5 4 0.13507
5 5 1
5 6 0.0608672
5 7 -0.0629773
5 8 0.518336
5 9 -0.122121
5 10 0.416418
5 11 0.351752
5 12 0.153749
5 13 0.321223
5 14 0.187682
5 15 -0.239422
5 16 0.190945
5 17 0.591757
5 18 -0.0236759
5 19 0.118236
5 20 -0.371355
5 21 -0.287072
5 22 -0.186541
5 23 -0.334126
5 24 0.442963
5 25 0.36957
5 26 -0.0110654
5 27 0.480744
5 28 -0.175308
5 29 0.194536
5 30 0.021621
5 31 0.207411
5 32 0.0388358
5 33 0.349359
5 34 0.466116
5 35 0.162065
5 36 0.00573659
5 37 0.4899
5 38 -0.539014
5 39 0.117825
5 40 0.284259
5 41 0.2121
5 42 0.462454
5 43 0.307927
5 44 0.460639
5 45 0.522864
5 46 0.432278
5 47 -0.108688
5 48 0.569931
5 49 -0.167864
5 50 0.408388
5 51 0.593399
5 52 -0.242095
5 53 0.253421
5 54 0.252127
5 55 0.57133
5 56 0.269997
5 57 -0.0912487
5 58 0.225861
5 59 -0.179286
5 60 -0.514387
5 61 0.121389
5 62 0.410875
5 63 0.126787
5 64 0.101921
5 65 0.677896
5 66 0.492797
5 67 0.0025562
5 68 -0.0734867
5 69 -0.021612
5 70 -0.363891
5 71 0.327325
5 72 -0.154207
5 73 -0.536888
5 74 0.498027
5 75 0.268737
5 76 0.29359
5 77 0.525302
5 78 0.68316
5 79 -0.0289532
5 80 0.500312
5 81 0.00984106
5 82 -0.2829
5 83 0.380671
5 84 0.458866
5 85 -0.0902319
5 86 0.217061
5 87 0.175397
5 88 0.406856
5 89 0.255023
5 90 -0.135823
5 91 0.397995
5 92 0.815361
5 93 0.205367
5 94 0.0453573
5 95 -0.489027
5 96 -0.167432
5 97 0.310744
5 98 0.259967
6 0 0.720888
6 1 0.730647
6 2 -0.577377
6 3 0.640985
6 4 0.289985
6 5 0.0608672
6 6 1
6 7 0.641443
6 8 0.519411
6 9 0.611951
6 10 0.65984
6 11 0.495564
6 12 0.788592
6 13 0.152486
6 14 -0.132843
6 15 0.576196
6 16 0.821606
6 17 0.549723
6 18 0.542936
6 19 0.217204
6 20 -0.0253834
6 21 -0.352383
6 22 0.343367
6 23 -0.616964
6 24 0.703423
6 25 -0.462022
6 26 0.739955
6 27 0.532885
6 28 0.477256
6 29 0.04705
6 30 0.621274
6 31 0.668108
6 32 0.576742
6 33 0.763352
6 34 0.684418
6 35 0.814278
6 36 0.0639988
6 37 0.663005
6 38 -0.278507
6 39 0.800341
6 40 0.624226
6 41 0.449522
6 42 0.730019
6 43 0.290732
6 44 0.684613
6 45 0.36514
6 46 0.722336
6 47 0.392341
6 48 0.370456
6 49 -0.645008
6 50 0.438584
6 51 0.455724
6 52 -0.285166
6 53 0.728518
6 54 0.751965
6 55 0.594115
6 56 0.777819
6 57 0.783335
6 58 0.606676
6 59 0.0687896
6 60 -0.501646
6 61 0.789064
6 62 0.757778
6 63 -0.602252
6 64 0.668073
6 65 -0.0421527
6 66 0.578557
6 67 0.86894
6 68 -0.649533
6 69 0.681626
6 70 0.236317
6 71 0.716195
6 72 -0.766279
6 73 -0.0956244
6 74 0.465953
6 75 0.767391
6 76 0.506726
6 77 0.635309
6 78 0.294018
6 79 0.601031
6 80 0.652881
6 81 0.847547
6 82 -0.27899
6 83 0.783326
6 84 0.760451
6 85 -0.289984
6 86 0.802184
6 87 0.806105
6 88 0.643019
6 89 0.755512
6 90 -0.645171
6 91 -0.149368
6 92 0.389161
6 93 -0.639483
6 94 0.20394
6 95 -0.0683152
6 96 -0.167313
6 97 0.793832
6 98 0.647235
7 0 0.68622
7 1 0.796753
7 2 -0.761277
7 3 0.168421
7 4 0.676448
7 5 -0.0629773
7 6 0.641443
7 7 1
7 8 0.0383057
7 9 0.618078
7 10 0.574809
7 11 0.483383
7 12 0.742171
7 13 0.44972
7 14 0.143133
7 15 0.473111
7 16 0.63148
7 17 0.328493
7 18 0.813062
7 19 -0.208371
7 20 0.260882
7 21 -0.184731
7 22 0.809913
7 23 -0.530926
7 24 0.360547
7 25 -0.649391
7 26 0.925997
7 27 0.163359
7 28 0.817094
7 29 -0.370046
7 30 0.481429
7 31 0.816384
7 32 0.696092
7 33 0.685771
7 34 0.458555
7 35 0.596006
7 36 0.426901
7 37 0.397598
7 38 0.0555971
7 39 0.748963
7 40 0.57055
7 41 0.594533
7 42 0.513531
7 43 -0.0472018
7 44 0.384636
7 45 0.155991
7 46 0.352836
7 47 0.356913
7 48 0.0741809
7 49 -0.344274
7 50 0.100135
7 51 0.0195641
7 52 -0.361425
7 53 0.428871
7 54 0.675838
7 55 0.400626
7 56 0.518246
7 57 0.851483
7 58 0.185008
7 59 0.327534
7 60 -0.154769
7 61 0.892658
7 62 0.437915
7 63 -0.738015
7 64 0.713389
7 65 -0.421939
7 66 0.183059
7 67 0.858552
7 68 -0.6083
7 69 0.808737
7 70 0.466619
7 71 0.464681
7 72 -0.53333
7 73 0.413439
7 74 0.184035
7 75 0.583945
7 76 0.290844
7 77 0.282845
7 78 0.240203
7 79 0.562776
7 80 0.324207
7 81 0.721454
7 82 -0.395577
7 83 0.40365
7 84 0.666335
7 85 -0.376621
7 86 0.596782
7 87 0.744164
7 88 0.526033
7 89 0.704159
7 90 -0.489349
7 91 -0.231058
7 92 0.270186
7 93 -0.806534
7 94 0.0598113
7 95 0.433826
7 96 0.0526769
7 97 0.600471
7 98 0.57709
8 0 0.519201
8 1 0.332631
8 2 -0.345759
8 3 0.898149
8 4 0.078259
8 5 0.518336
8 6 0.519411
8 7 0.0383057
8 8 1
8 9 0.200135
8 10 0.614018
8 11 0.492869
8 12 0.586257
8 13 -0.00727003
8 14 -0.112586
8 15 0.303503
8 16 0.68244
8 17 0.859627
8 18 0.0288254
8 19 0.359148
8 20 -0.260165
8 21 -0.482661
8 22 -0.27604
8 23 -0.639843
8 24 0.780899
8 25 0.156505
8 26 0.209218
8 27 0.863544
8 28 -0.160657
8 29 0.54259
8 30 0.495093
8 31 0.388445
8 32 0.302845
8 33 0.677306
8 34 0.847128
8 35 0.689628
8 36 -0.0609595
8 37 0.868223
8 38 -0.780783
8 39 0.5058
8 40 0.498196
8 41 0.301944
8 42 0.776496
8 43 0.712295
8 44 0.900805
8 45 0.804399
8 46 0.813277
8 47 0.00442043
8 48 0.781486
8 49 -0.570854
8 50 0.673028
8 51 0.947603
8 52 -0.042283
8 53 0.7098
8 54 0.487355
8 55 0.770486
8 56 0.75175
8 57 0.231307
8 58 0.78867
8 59 -0.287558
8 60 -0.789528
8 61 0.364094
8 62 0.860164
8 63 -0.151551
8 64 0.396492
8 65 0.498361
8 66 0.89771
8 67 0.338559
8 68 -0.400333
8 69 0.296069
8 70 -0.42033
8 71 0.770363
8 72 -0.596947
8 73 -0.673909
8 74 0.70316
8 75 0.644176
8 76 0.330514
8 77 0.913741
8 78 0.694062
8 79 0.213373
8 80 0.901977
8 81 0.404487
8 82 -0.149664
8 83 0.79432
8 84 0.689586
8 85 -0.297242
8 86 0.678907
8 87 0.549102
8 88 0.785612
8 89 0.563271
8 90 -0.662346
8 91 0.397177
8 92 0.736995
8 93 -0.0453039
8 94 0.334048
8 95 -0.672158
8 96 -0.376746
8 97 0.749562
8 98 0.473456
9 0 0.680951
9 1 0.772047
9 2 -0.728191
9 3 0.373314
9 4 0.375451
9 5 -0.122121
9 6 0.611951
9 7 0.618078
9 8 0.200135
9 9 1
9 10 0.397078
9 11 0.495649
9 12 0.736727
9 13 0.23507
9 14 -0.0282631
9 15 0.474523
9 16 0.59266
9 17 0.383224
9 18 0.697976
9 19 -0.125365
9 20 0.301866
9 21 -0.0263696
9 22 0.383903
9 23 -0.614885
9 24 0.295647
9 25 -0.653363
9 26 0.748512
9 27 0.365131
9 28 0.673467
9 29 0.0732747
9 30 0.673829
9 31 0.639281
9 32 0.506972
9 33 0.651089
9 34 0.465848
9 35 0.5966
9 36 0.068988
9 37 0.44613
9 38 0.0558576
9 39 0.542967
9 40 0.629617
9 41 0.403168
9 42 0.415131
9 43 0.200998
9 44 0.510453
9 45 0.383075
9 46 0.513808
9 47 -0.0493643
9 48 0.0981484
9 49 -0.33008
9 50 0.373807
9 51 0.138313
9 52 -0.0142321
9 53 0.601249
9 54 0.692649
9 55 0.389605
9 56 0.710108
9 57 0.669012
9 58 0.478749
9 59 0.202964
9 60 -0.204189
9 61 0.637945
9 62 0.524833
9 63 -0.730094
9 64 0.820847
9 65 -0.435659
9 66 0.353048
9 67 0.63733
9 68 -0.264553
9 69 0.645693
9 70 0.534929
9 71 0.586025
9 72 -0.465703
9 73 0.258289
9 74 0.169546
9 75 0.542951
9 76 -0.00373989
9 77 0.32412
9 78 0.245653
9 79 0.562957
9 80 0.456152
9 81 0.72819
9 82 -0.0506607
9 83 0.512676
9 84 0.564827
9 85 -0.424589
9 86 0.575403
9 87 0.523678
9 88 0.600219
9 89 0.53946
9 90 -0.408753
9 91 -0.355694
9 92 0.220789
9 93 -0.650708
9 94 0.334941
9 95 0.358842
9 96 -0.109824
9 97 0.516329
9 98 0.461409
10 0 0.69675
10 1 0.677278
10 2 -0.73811
10 3 0.59818
10 4 0.487704
10 5 0.416418
10 6 0.65984
10 7 0.574809
10 8 0.614018
10 9 0.397078
10 10 1
10 11 0.803601
10 12 0.760973
10 13 0.448606
10 14 -0.0167769
10 15 0.267871
10 16 0.747479
10 17 0.783702
10 18 0.448417
10 19 -0.00484275
10 20 -0.280171
10 21 -0.485928
10 22 0.452303
10 23 -0.711655
10 24 0.86499
10 25 -0.118086
10 26 0.629032
10 27 0.621217
10 28 0.365946
10 29 -0.0499246
10 30 0.52149
10 31 0.756362
10 32 0.727122
10 33 0.865169
10 34 0.861414
10 35 0.744243
10 36 0.343151
10 37 0.85563
10 38 -0.485062
10 39 0.79761
10 40 0.675175
10 41 0.588396
10 42 0.772888
10 43 0.420709
10 44 0.751327
10 45 0.483439
10 46 0.796014
10 47 0.13786
10 48 0.556566
10 49 -0.579296
10 50 0.36715
10 51 0.633602
10 52 -0.455855
10 53 0.709134
10 54 0.664672
10 55 0.750661
10 56 0.753304
10 57 0.661922
10 58 0.520844
10 59 0.21817
10 60 -0.608674
10 61 0.745113
10 62 0.825257
10 63 -0.569342
10 64 0.605604
10 65 0.208278
10 66 0.734784
10 67 0.69955
10 68 -0.652859
10 69 0.693856
10 70 -0.0422098
10 71 0.830901
10 72 -0.75345
10 73 -0.277251
10 74 0.683557
10 75 0.610423
10 76 0.545837
10 77 0.767933
10 78 0.5781
10 79 0.389553
10 80 0.777767
10 81 0.646559
10 82 -0.639156
10 83 0.761875
10 84 0.863029
10 85 -0.281367
10 86 0.793557
10 87 0.796209
10 88 0.797698
10 89 0.882468
10 90 -0.666692
10 91 0.0857785
10 92 0.771796
10 93 -0.428543
10 94 0.0237414
10 95 -0.265677
10 96 -0.345071
10 97 0.843536
10 98 0.765587
11 0 0.724793
11 1 0.55355
11 2 -0.706112
11 3 0.398126
11 4 0.434107
11 5 0.351752
11 6 0.495564
11 7 0.483383
11 8 0.492869
11 9 0.495649
11 10 0.803601
11 11 1
11 12 0.647369
11 13 0.676134
11 14 0.274613
11 15 0.349348
11 16 0.505693
11 17 0.625655
11 18 0.558751
11 19 -0.100713
11 20 -0.0945742
11 21 -0.124528
11 22 0.351132
11 23 -0.490466
11 24 0.59918
11 25 -0.0456788
11 26 0.53403
11 27 0.410588
11 28 0.473289
11 29 0.12508
11 30 0.708248
11 31 0.754734
11 32 0.724017
11 33 0.701512
11 34 0.664511
11 35 0.550416
11 36 0.56354
11 37 0.713111
11 38 -0.175901
11 39 0.481835
11 40 0.729032
11 41 0.539913
11 42 0.481682
11 43 0.527952
11 44 0.619116
11 45 0.50867
11 46 0.625502
11 47 -0.128473
11 48 0.267731
11 49 -0.178069
11 50 0.377069
11 51 0.50135
11 52 -0.0657352
11 53 0.688146
11 54 0.580008
11 55 0.475257
11 56 0.655819
11 57 0.456336
11 58 0.440518
11 59 0.400727
11 60 -0.25749
11 61 0.586097
11 62 0.65437
11 63 -0.469174
11 64 0.725915
11 65 0.14171
11 66 0.650565
11 67 0.531721
11 68 -0.22534
11 69 0.559132
11 70 0.238451
11 71 0.829302
11 72 -0.38774
11 73 -0.0828107
11 74 0.697801
11 75 0.481827
11 76 0.218656
11 77 0.546366
11 78 0.639862
11 79 0.492445
11 80 0.599136
11 81 0.628062
11 82 -0.373983
11 83 0.703448
11 84 0.733573
11 85 -0.539951
11 86 0.55854
11 87 0.486449
11 88 0.748636
11 89 0.615711
11 90 -0.367224
11 91 0.233946
11 92 0.687935
11 93 -0.192537
11 94 0.341592
11 95 -0.0783571
11 96 -0.0324174
11 97 0.616257
11 98 0.812181
12 0 0.895778
12 1 0.924505
12 2 -0.840505
12 3 0.722964
12 4 0.488442
12 5 0.153749
12 6 0.788592
12 7 0.742171
12 8 0.586257
12 9 0.736727
12 10 0.760973
12 11 0.647369
12 12 1
12 13 0.22555
12 14 -0.112289
12 15 0.658254
12 16 0.919718
12 17 0.758846
12 18 0.696289
12 19 -0.116665
12 20 0.191106
12 21 -0.27627
12 22 0.419104
12 23 -0.838592
12 24 0.666312
12 25 -0.446161
12 26 0.883161
12 27 0.70599
12 28 0.628574
12 29 0.155886
12 30 0.731836
12 31 0.849684
12 32 0.718434
12 33 0.958009
12 34 0.863784
12 35 0.909382
12 36 0.167662
12 37 0.832812
12 38 -0.314445
12 39 0.888951
12 40 0.837812
12 41 0.659064
12 42 0.833984
12 43 0.501103
12 44 0.833241
12 45 0.657126
12 46 0.828776
12 47 0.0978044
12 48 0.524837
12 49 -0.65791
12 50 0.578876
12 51 0.5409
12 52 -0.164734
12 53 0.854202
12 54 0.887659
12 55 0.775856
12 56 0.919962
12 57 0.837254
12 58 0.762721
12 59 0.121848
12 60 -0.576741
12 61 0.87891
12 62 0.857436
12 63 -0.791617
12 64 0.863362
12 65 -0.0697846
12 66 0.725744
12 67 0.878527
12 68 -0.646662
12 69 0.862836
12 70 0.244913
12 71 0.84221
12 72 -0.790066
12 73 0.0223419
12 74 0.565261
12 75 0.766137
12 76 0.356523
12 77 0.760076
12 78 0.572518
12 79 0.669719
12 80 0.800649
12 81 0.872074
12 82 -0.247553
12 83 0.813117
12 84 0.89791
12 85 -0.49201
12 86 0.918967
12 87 0.845913
12 88 0.86356
12 89 0.878337
12 90 -0.76276
12 91 -0.116687
12 92 0.558017
12 93 -0.664688
12 94 0.325101
12 95 0.0527166
12 96 -0.24914
12 97 0.913028
12 98 0.663768
13 0 0.337151
13 1 0.184726
13 2 -0.452674
13 3 -0.159647
13 4 0.410224
13 5 0.321223
13 6 0.152486
13 7 0.44972
13 8 -0.00727003
13 9 0.23507
13 10 0.448606
13 11 0.676134
13 12 0.22555
13 13 1
13 14 0.532879
13 15 -0.00111907
13 16 0.0483754
13 17 0.172437
13 18 0.521726
13 19 -0.22301
13 20 -0.0948725
13 21 0.0645939
13 22 0.427431
13 23 -0.0792573
13 24 0.208589
13 25 -0.066312
13 26 0.307941
13 27 -0.10395
13 28 0.44052
13 29 -0.196059
13 30 0.385291
13 31 0.529468
13 32 0.483394
13 33 0.291027
13 34 0.180887
13 35 0.0822058
13 36 0.697021
13 37 0.226892
13 38 0.170333
13 39 0.137422
13 40 0.3998
13 41 0.353079
13 42 0.0879603
13 43 0.105292
13 44 0.123519
13 45 0.120174
13 46 0.0900556
13 47 -0.0381708
13 48 -0.160912
13 49 0.246833
13 50 -0.0531267
13 51 0.0348747
13 52 -0.102994
13 53 0.221348
13 54 0.242031
13 55 0.0544218
13 56 0.160386
13 57 0.158902
13 58 -0.150202
13 59 0.411637
13 60 0.174206
13 61 0.329185
13 62 0.146244
13 63 -0.187334
13 64 0.43419
13 65 0.00319625
13 66 0.140869
13 67 0.239648
13 68 0.0326459
13 69 0.251659
13 70 0.357763
13 71 0.332467
13 72 0.06195
13 73 0.145645
13 74 0.35551
13 75 0.14341
13 76 0.0313609
13 77 0.0458697
13 78 0.412489
13 79 0.284195
13 80 0.101134
13 81 0.243174
13 82 -0.381915
13 83 0.222078
13 84 0.373817
13 85 -0.386193
13 86 0.0731767
13 87 0.169535
13 88 0.344789
13 89 0.232386
13 90 0.0066302
13 91 0.278523
13 92 0.461313
13 93 -0.0456125
13 94 0.124821
13 95 0.130329
13 96 0.233146
13 97 0.146675
13 98 0.676821
14 0 0.0526741
14 1 -0.0992301
14 2 -0.215863
14 3 -0.372557
14 4 0.429484
14 5 0.187682
14 6 -0.132843
14 7 0.143133
14 8 -0.112586
14 9 -0.0282631
14 10 -0.0167769
14 11 0.274613
14 12 -0.112289
14 13 0.532879
14 14 1
14 15 -0.110829
14 16 -0.294868
14 17 -0.103308
14 18 0.222574
14 19 0.00661631
14 20 0.143225
14 21 0.107713
14 22 0.0890719
14 23 0.215397
14 24 -0.159922
14 25 0.0575412
14 26 -0.0101529
14 27 -0.345401
14 28 0.199018
14 29 -0.229789
14 30 -0.0380928
14 31 0.283506
14 32 0.0873636
14 33 -0.0797425
14 34 -0.172234
14 35 -0.257005
14 36 0.552746
14 37 -0.155605
14 38 0.271085
14 39 -0.232836
14 40 0.0325164
14 41 -0.0790955
14 42 -0.126622
14 43 -0.128499
14 44 -0.11763
14 45 -0.0663942
14 46 -0.247418
14 47 -0.264246
14 48 -0.303502
14 49 0.610287
14 50 -0.0451172
14 51 -0.141265
14 52 -0.0240007
14 53 -0.073247
14 54 -0.0197112
14 55 -0.171564
14 56 -0.207176
14 57 -0.132992
14 58 -0.339497
14 59 0.285414
14 60 0.365384
14 61 0.0513589
14 62 -0.184526
14 63 0.191574
14 64 0.128126
14 65 -0.0844677
14 66 -0.20603
14 67 -0.0662445
14 68 0.327359
14 69 -0.184437
14 70 0.21755
14 71 -0.0411536
14 72 0.374764
14 73 0.234944
14 74 0.0473606
14 75 0.1035
14 76 -0.0728933
14 77 -0.203034
14 78 0.177441
14 79 0.133695
14 80 -0.181686
14 81 -0.0544793
14 82 -0.116631
14 83 -0.0590045
14 84 -0.0452163
14 85 -0.363547
14 86 -0.283118
14 87 -0.141646
14 88 0.0240571
14 89 -0.109008
14 90 0.354529
14 91 0.29266
14 92 0.237829
14 93 0.0449034
14 94 0.182882
14 95 0.234856
14 96 0.593794
14 97 -0.15445
14 98 0.214368
15 0 0.680651
15 1 0.616975
15 2 -0.367394
15 3 0.48824
15 4 0.0616519
15 5 -0.239422
15 6 0.576196
15 7 0.473111
15 8 0.303503
15 9 0.474523
15 10 0.267871
15 11 0.349348
15 12 0.658254
15 13 -0.00111907
15 14 -0.110829
15 15 1
15 16 0.556699
15 17 0.311387
15 18 0.52715
15 19 -0.153631
15 20 0.499012
15 21 0.214522
15 22 0.121743
15 23 -0.268817
15 24 0.220621
15 25 -0.239209
15 26 0.589739
15 27 0.315569
15 28 0.553394
15 29 0.3328
15 30 0.701405
15 31 0.522836
15 32 0.456642
15 33 0.50157
15 34 0.421664
15 35 0.630944
15 36 0.229527
15 37 0.434888
15 38 0.0915332
15 39 0.492918
15 40 0.646076
15 41 0.488456
15 42 0.422438
15 43 0.526323
15 44 0.43274
15 45 0.44789
15 46 0.448769
15 47 0.0784078
15 48 0.202502
15 49 -0.339776
15 50 0.561871
15 51 0.240468
15 52 0.343544
15 53 0.654016
15 54 0.594108
15 55 0.30119
15 56 0.551255
15 57 0.547917
15 58 0.617515
15 59 0.23199
15 60 -0.120251
15 61 0.521978
15 62 0.444023
15 63 -0.593659
15 64 0.599555
15 65 -0.0446813
15 66 0.437505
15 67 0.669398
15 68 -0.276796
15 69 0.58688
15 70 0.465879
15 71 0.543614
15 72 -0.359797
15 73 0.301735
15 74 0.445533
15 75 0.415759
15 76 0.245331
15 77 0.377765
15 78 0.34278
15 79 0.750784
15 80 0.371827
15 81 0.751139
15 82 0.294268
15 83 0.579786
15 84 0.455701
15 85 -0.466112
15 86 0.596349
15 87 0.402666
15 88 0.414853
15 89 0.405771
15 90 -0.404506
15 91 0.0504272
15 92 0.044389
15 93 -0.337874
15 94 0.489939
15 95 0.18654
15 96 0.0808352
15 97 0.531384
15 98 0.323797
16 0 0.777389
16 1 0.811151
16 2 -0.685518
16 3 0.833911
16 4 0.404924
16 5 0.190945
16 6 0.821606
16 7 0.63148
16 8 0.68244
16 9 0.59266
16 10 0.747479
16 11 0.505693
16 12 0.919718
16 13 0.0483754
16 14 -0.294868
16 15 0.556699
16 16 1
16 17 0.798791
16 18 0.47924
16 19 0.0806484
16 20 -0.0101509
16 21 -0.527438
16 22 0.314114
16 23 -0.879658
16 24 0.804412
16 25 -0.431483
16 26 0.783278
16 27 0.797583
16 28 0.377327
16 29 0.160975
16 30 0.626251
16 31 0.678673
16 32 0.60881
16 33 0.923473
16 34 0.901047
16 35 0.96584
16 36 -0.00661667
16 37 0.849771
16 38 -0.550614
16 39 0.91686
16 40 0.662797
16 41 0.625857
16 42 0.907069
16 43 0.406862
16 44 0.880975
16 45 0.644631
16 46 0.859416
16 47 0.332931
16 48 0.668486
16 49 -0.841113
16 50 0.543472
16 51 0.654914
16 52 -0.284359
16 53 0.77736
16 54 0.791664
16 55 0.832065
16 56 0.910576
16 57 0.795964
16 58 0.76132
16 59 -0.134213
16 60 -0.756109
16 61 0.829376
16 62 0.91348
16 63 -0.667896
16 64 0.684069
16 65 0.0320605
16 66 0.729351
16 67 0.830474
16 68 -0.796108
16 69 0.812336
16 70 -0.0395258
16 71 0.797384
16 72 -0.906612
16 73 -0.218396
16 74 0.475231
16 75 0.835077
16 76 0.400019
16 77 0.848317
16 78 0.490625
16 79 0.478492
16 80 0.862737
16 81 0.750092
16 82 -0.304955
16 83 0.770532
16 84 0.894902
16 85 -0.274147
16 86 0.954836
16 87 0.921272
16 88 0.844671
16 89 0.874997
16 90 -0.86125
16 91 -0.0587657
16 92 0.545592
16 93 -0.64681
16 94 0.18802
16 95 -0.198334
16 96 -0.397595
16 97 0.940854
16 98 0.564042
17 0 0.662681
17 1 0.585746
17 2 -0.637234
17 3 0.84505
17 4 0.335199
17 5 0.591757
17 6 0.549723
17 7 0.328493
17 8 0.859627
17 9 0.383224
17 10 0.783702
17 11 0.625655
17 12 0.758846
17 13 0.172437
17 14 -0.103308
17 15 0.311387
17 16 0.798791
17 17 1
17 18 0.24329
17 19 0.122822
17 20 -0.169404
17 21 -0.516413
17 22 0.0224088
17 23 -0.821555
17 24 0.821396
17 25 0.000498263
17 26 0.489319
17 27 0.90512
17 28 0.112731
17 29 0.316938
17 30 0.530396
17 31 0.607849
17 32 0.456507
17 33 0.869787
17 34 0.954443
17 35 0.793466
17 36 0.0445393
17 37 0.938868
17 38 -0.739939
17 39 0.695641
17 40 0.660162
17 41 0.495292
17 42 0.892603
17 43 0.604173
17 44 0.929485
17 45 0.83254
17 46 0.904841
17 47 0.0124577
17 48 0.846143
17 49 -0.671611
17 50 0.672334
17 51 0.878382
17 52 -0.222599
17 53 0.75007
17 54 0.716256
17 55 0.949617
17 56 0.847622
17 57 0.502551
17 58 0.7525
17 59 -0.143112
17 60 -0.85501
17 61 0.599805
17 62 0.918601
17 63 -0.436809
17 64 0.558509
17 65 0.395043
17 66 0.874383
17 67 0.527646
17 68 -0.534236
17 69 0.556446
17 70 -0.249354
17 71 0.833211
17 72 -0.712201
17 73 -0.484016
17 74 0.685295
17 75 0.715099
17 76 0.438638
17 77 0.948496
17 78 0.792017
17 79 0.292656
17 80 0.945852
17 81 0.537224
17 82 -0.3309
17 83 0.811484
17 84 0.854782
17 85 -0.279844
17 86 0.824281
17 87 0.71196
17 88 0.881001
17 89 0.767738
17 90 -0.686019
17 91 0.247551
17 92 0.858683
17 93 -0.290581
17 94 0.198377
17 95 -0.466152
17 96 -0.459577
17 97 0.859413
17 98 0.523778
18 0 0.698845
18 1 0.703659
18 2 -0.719733
18 3 0.11499
18 4 0.539462
18 5 -0.0236759
18 6 0.542936
18 7 0.813062
18 8 0.0288254
18 9 0.697976
18 10 0.448417
18 11 0.558751
18 12 0.696289
18 13 0.521726
18 14 0.222574
18 15 0.52715
18 16 0.47924
18 17 0.24329
18 18 1
18 19 -0.412814
18 20 0.476235
18 21 0.184017
18 22 0.596803
18 23 -0.383025
18 24 0.159373
18 25 -0.547998
18 26 0.831677
18 27 0.104142
18 28 0.88463
18 29 -0.128567
18 30 0.616529
18 31 0.779613
18 32 0.619671
18 33 0.597229
18 34 0.352856
18 35 0.489396
18 36 0.498864
18 37 0.3431
18 38 0.289999
18 39 0.515004
18 40 0.73077
18 41 0.586412
18 42 0.365156
18 43 0.173169
18 44 0.336953
18 45 0.283372
18 46 0.324326
18 47 0.0167943
18 48 -0.091765
18 49 -0.141046
18 50 0.30356
18 51 -0.0536858
18 52 0.0125184
18 53 0.527331
18 54 0.648956
18 55 0.262046
18 56 0.494827
18 57 0.664622
18 58 0.286671
18 59 0.423904
18 60 0.0566265
18 61 0.708701
18 62 0.333262
18 63 -0.659805
18 64 0.847736
18 65 -0.372794
18 66 0.242683
18 67 0.699849
18 68 -0.256326
18 69 0.697192
18 70 0.699131
18 71 0.485193
18 72 -0.311147
18 73 0.519395
18 74 0.310579
18 75 0.448611
18 76 0.0911581
18 77 0.184904
18 78 0.345455
18 79 0.767461
18 80 0.258724
18 81 0.725046
18 82 -0.0784344
18 83 0.414245
18 84 0.575136
18 85 -0.605558
18 86 0.450807
18 87 0.462118
18 88 0.483634
18 89 0.507363
18 90 -0.268116
18 91 -0.218427
18 92 0.261941
18 93 -0.564301
18 94 0.343801
18 95 0.546509
18 96 0.252499
18 97 0.44679
18 98 0.598068
19 0 -0.0137512
19 1 -0.283779
19 2 0.288734
19 3 0.26613
19 4 -0.292661
19 5 0.118236
19 6 0.217204
19 7 -0.208371
19 8 0.359148
19 9 -0.125365
19 10 -0.00484275
19 11 -0.100713
19 12 -0.116665
19 13 -0.22301
19 14 0.00661631
19 15 -0.153631
19 16 0.0806484
19 17 0.122822
19 18 -0.412814
19 19 1
19 20 -0.372586
19 21 -0.416143
19 22 -0.372627
19 23 -0.046563
19 24 0.269497
19 25 0.14383
19 26 -0.274048
19 27 0.23481
19 28 -0.536036
19 29 0.26768
19 30 -0.0649606
19 31 -0.237284
19 32 -0.319704
19 33 -0.0412816
19 34 0.0811064
19 35 -0.00071556
19 36 -0.336381
19 37 0.0723031
19 38 -0.505597
19 39 -0.0575116
19 40 -0.345651
19 41 -0.428417
19 42 0.149247
19 43 -0.0703113
19 44 0.201114
19 45 -0.00586288
19 46 0.0601703
19 47 0.35562
19 48 0.134507
19 49 -0.0957623
19 50 -0.0432719
19 51 0.347688
19 52 -0.0922318
19 53 -0.0515694
19 54 -0.0199093
19 55 0.104335
19 56 0.0836727
19 57 -0.178129
19 58 0.0170054
19 59 -0.507397
19 60 -0.277829
19 61 -0.126378
19 62 0.172551
19 63 0.42077
19 64 -0.161933
19 65 0.109968
19 66 0.0764768
19 67 -0.116944
19 68 -0.0456834
19 69 -0.367836
19 70 -0.435719
19 71 0.0514177
19 72 -0.0692967
19 73 -0.549102
19 74 -0.119516
19 75 0.331984
19 76 0.0628182
19 77 0.198668
19 78 -0.0404611
19 79 -0.428478
19 80 0.235029
19 81 -0.0586468
19 82 -0.0126653
19 83 0.115856
19 84 0.0179865
19 85 0.237708
19 86 -0.0111288
19 87 0.0956468
19 88 0.09469
19 89 -0.102986
19 90 -0.156757
19 91 0.276029
19 92 0.097048
19 93 0.063275
19 94 0.171112
19 95 -0.549064
19 96 -0.088565
19 97 0.0268876
19 98 -0.0273651
20 0 0.249187
20 1 0.236596
20 2 -0.112821
20 3 -0.0870941
20 4 0.071948
20 5 -0.371355
20 6 -0.0253834
20 7 0.260882
20 8 -0.260165
20 9 0.301866
20 10 -0.280171
20 11 -0.0945742
20 12 0.191106
20 13 -0.0948725
20 14 0.143225
20 15 0.499012
20 16 -0.0101509
20 17 -0.169404
20 18 0.476235
20 19 -0.372586
20 20 1
20 21 0.551775
20 22 0.0110665
20 23 0.127268
20 24 -0.454901
20 25 -0.214387
20 26 0.29635
20 27 -0.174226
20 28 0.47377
20 29 0.141287
20 30 0.206803
20 31 0.193173
20 32 0.00225886
20 33 -0.00485397
20 34 -0.174741
20 35 0.0140887
20 36 0.201303
20 37 -0.207773
20 38 0.496875
20 39 -0.0298073
20 40 0.237159
20 41 0.128116
20 42 -0.0750886
20 43 0.0794501
20 44 -0.120203
20 45 0.121793
20 46 -0.166953
20 47 -0.246244
20 48 -0.276852
20 49 0.204462
20 50 0.307088
20 51 -0.330827
20 52 0.515809
20 53 0.110855
20 54 0.234315
20 55 -0.139474
20 56 -0.00139801
20 57 0.172228
20 58 0.126776
20 59 0.230121
20 60 0.388965
20 61 0.0875556
20 62 -0.205098
20 63 -0.218384
20 64 0.343587
20 65 -0.330298
20 66 -0.194646
20 67 0.134038
20 68 0.214668
20 69 0.167879
20 70 0.59887
20 71 -0.0411663
20 72 0.209187
20 73 0.715125
20 74 -0.109624
20 75 0.0276676
20 76 -0.194467
20 77 -0.208427
20 78 0.0133087
20 79 0.452727
20 80 -0.19401
20 81 0.252438
20 82 0.582842
20 83 -0.0947982
20 84 -0.107855
20 85 -0.341685
20 86 -0.0509548
20 87 -0.140499
20 88 -0.087005
20 89 -0.0992378
20 90 0.151104
20 91 -0.215639
20 92 -0.286382
20 93 -0.161218
20 94 0.436247
20 95 0.608202
20 96 0.454715
20 97 -0.0774366
20 98 -0.161546
21 0 -0.0874523
21 1 -0.221226
21 2 0.274144
21 3 -0.454394
21 4 -0.423437
21 5 -0.287072
21 6 -0.352383
21 7 -0.184731
21 8 -0.482661
21 9 -0.0263696
21 10 -0.485928
21 11 -0.124528
21 12 -0.27627
21 13 0.0645939
21 14 0.107713
21 15 0.214522
21 16 -0.527438
21 17 -0.516413
21 18 0.184017
21 19 -0.416143
21 20 0.551775
21 21 1
21 22 -0.169111
21 23 0.571799
21 24 -0.703282
21 25 0.227522
21 26 -0.194719
21 27 -0.504398
21 28 0.264344
21 29 0.257096
21 30 0.0921668
21 31 -0.160346
21 32 -0.185218
21 33 -0.429234
21 34 -0.518957
21 35 -0.479806
21 36 0.172545
21 37 -0.437346
21 38 0.758976
21 39 -0.518753
21 40 0.0712425
21 41 -0.149793
21 42 -0.571381
21 43 0.157635
21 44 -0.494709
21 45 -0.155622
21 46 -0.422329
21 47 -0.487559
21 48 -0.591394
21 49 0.575044
21 50 0.0195203
21 51 -0.512462
21 52 0.702497
21 53 -0.130559
21 54 -0.164408
21 55 -0.556502
21 56 -0.36212
21 57 -0.349745
21 58 -0.146421
21 59 0.461163
21 60 0.720361
21 61 -0.410982
21 62 -0.548168
21 63 0.0887481
21 64 0.0302887
21 65 -0.0649004
21 66 -0.276041
21 67 -0.276402
21 68 0.715661
21 69 -0.278885
21 70 0.632102
21 71 -0.267355
21 72 0.656875
21 73 0.562045
21 74 -0.0135866
21 75 -0.550691
21 76 -0.353957
21 77 -0.543884
21 78 -0.0988671
21 79 0.276069
21 80 -0.523081
21 81 -0.0170841
21 82 0.654501
21 83 -0.241055
21 84 -0.456206
21 85 -0.275936
21 86 -0.476961
21 87 -0.663765
21 88 -0.447475
21 89 -0.538062
21 90 0.547504
21 91 -0.070595
21 92 -0.461343
21 93 0.426968
21 94 0.402221
21 95 0.506121
21 96 0.401418
21 97 -0.523961
21 98 -0.21327
22 0 0.33456
22 1 0.590094
22 2 -0.594017
22 3 -0.181679
22 4 0.669597
22 5 -0.186541
22 6 0.343367
22 7 0.809913
22 8 -0.27604
22 9 0.383903
22 10 0.452303
22 11 0.351132
22 12 0.419104
22 13 0.427431
22 14 0.0890719
22 15 0.121743
22 16 0.314114
22 17 0.0224088
22 18 0.596803
22 19 -0.372627
22 20 0.0110665
22 21 -0.169111
22 22 1
22 23 -0.3065
22 24 0.184454
22 25 -0.598091
22 26 0.692066
22 27 -0.149859
22 28 0.703275
22 29 -0.691015
22 30 0.16438
22 31 0.55962
22 32 0.679944
22 33 0.382226
22 34 0.171657
22 35 0.280316
22 36 0.392607
22 37 0.117609
22 38 0.245683
22 39 0.534778
22 40 0.274015
22 41 0.494703
22 42 0.156737
22 43 -0.329692
22 44 0.0213589
22 45 -0.24217
22 46 0.0782053
22 47 0.315764
22 48 -0.137936
22 49 -0.170131
22 50 -0.300306
22 51 -0.261477
22 52 -0.517918
22 53 0.0957972
22 54 0.293004
22 55 0.110298
22 56 0.179063
22 57 0.681569
22 58 -0.156449
22 59 0.459323
22 60 0.0547654
22 61 0.68116
22 62 0.136517
22 63 -0.611698
22 64 0.381001
22 65 -0.496621
22 66 -0.0960922
22 67 0.621604
22 68 -0.516555
22 69 0.673656
22 70 0.380492
22 71 0.161755
22 72 -0.381446
22 73 0.4726
22 74 -0.0320563
22 75 0.186372
22 76 0.203083
22 77 -0.0234917
22 78 -0.0922564
22 79 0.3258
22 80 -0.00236963
22 81 0.407547
22 82 -0.580495
22 83 0.067644
22 84 0.382469
22 85 -0.117933
22 86 0.325151
22 87 0.521892
22 88 0.211586
22 89 0.532203
22 90 -0.255075
22 91 -0.384305
22 92 0.0409226
22 93 -0.682272
22 94 -0.298738
22 95 0.53234
22 96 0.0354302
22 97 0.311204
22 98 0.424176
23 0 -0.666839
23 1 -0.766425
23 2 0.767452
23 3 -0.743585
23 4 -0.48047
23 5 -0.334126
23 6 -0.616964
23 7 -0.530926
23 8 -0.639843
23 9 -0.614885
23 10 -0.711655
23 11 -0.490466
23 12 -0.838592
23 13 -0.0792573
23 14 0.215397
23 15 -0.268817
23 16 -0.879658
23 17 -0.821555
23 18 -0.383025
23 19 -0.046563
23 20 0.127268
23 21 0.571799
23 22 -0.3065
23 23 1
23 24 -0.749528
23 25 0.396455
23 26 -0.686843
23 27 -0.823444
23 28 -0.305887
23 29 -0.118936
23 30 -0.497467
23 31 -0.611982
23 32 -0.550576
23 33 -0.899211
23 34 -0.872695
23 35 -0.821728
23 36 0.119518
23 37 -0.818076
23 38 0.591937
23 39 -0.810741
23 40 -0.594257
23 41 -0.524865
23 42 -0.829018
23 43 -0.341431
23 44 -0.854728
23 45 -0.653603
23 46 -0.832841
23 47 -0.106141
23 48 -0.708979
23 49 0.737656
23 50 -0.456402
23 51 -0.648368
23 52 0.383711
23 53 -0.682922
23 54 -0.725901
23 55 -0.855608
23 56 -0.862373
23 57 -0.666834
23 58 -0.680306
23 59 0.19137
23 60 0.796994
23 61 -0.745731
23 62 -0.872889
23 63 0.638811
23 64 -0.640663
23 65 -0.0038304
23 66 -0.691233
23 67 -0.65674
23 68 0.66845
23 69 -0.709642
23 70 0.138384
23 71 -0.733519
23 72 0.822135
23 73 0.297864
23 74 -0.378959
23 75 -0.73073
23 76 -0.265479
23 77 -0.807303
23 78 -0.52644
23 79 -0.284902
23 80 -0.851072
23 81 -0.588583
23 82 0.40965
23 83 -0.670761
23 84 -0.845289
23 85 0.250935
23 86 -0.857477
23 87 -0.835018
23 88 -0.872126
23 89 -0.834861
23 90 0.791953
23 91 0.131681
23 92 -0.635962
23 93 0.589823
23 94 -0.0917254
23 95 0.182901
23 96 0.53236
23 97 -0.846952
23 98 -0.484253
24 0 0.56081
24 1 0.525893
24 2 -0.525619
24 3 0.773167
24 4 0.321004
24 5 0.442963
24 6 0.703423
24 7 0.360547
24 8 0.780899
24 9 0.295647
24 10 0.86499
24 11 0.59918
24 12 0.666312
24 13 0.208589
24 14 -0.159922
24 15 0.220621
24 16 0.804412
24 17 0.821396
24 18 0.159373
24 19 0.269497
24 20 -0.454901
24 21 -0.703282
24 22 0.184454
24 23 -0.749528
24 24 1
24 25 -0.0987802
24 26 0.456016
24 27 0.758841
24 28 0.0577566
24 29 0.103336
24 30 0.427191
24 31 0.538836
24 32 0.531489
24 33 0.79079
24 34 0.880749
24 35 0.791278
24 36 0.0539218
24 37 0.863347
24 38 -0.72086
24 39 0.763913
24 40 0.49845
24 41 0.474493
24 42 0.836824
24 43 0.395044
24 44 0.823573
24 45 0.54929
24 46 0.838995
24 47 0.312215
24 48 0.730974
24 49 -0.722424
24 50 0.398963
24 51 0.812021
24 52 -0.486553
24 53 0.669405
24 54 0.552148
24 55 0.79796
24 56 0.756546
24 57 0.53426
24 58 0.592323
24 59 -0.144522
24 60 -0.8025
24 61 0.638596
24 62 0.894669
24 63 -0.394765
24 64 0.401385
24 65 0.366871
24 66 0.770429
24 67 0.605677
24 68 -0.721935
24 69 0.551975
24 70 -0.332712
24 71 0.767631
24 72 -0.830312
24 73 -0.571057
24 74 0.596746
24 75 0.700321
24 76 0.552817
24 77 0.875437
24 78 0.515722
24 79 0.221674
24 80 0.859163
24 81 0.514424
24 82 -0.564782
24 83 0.754506
24 84 0.818828
24 85 -0.1121
24 86 0.814133
24 87 0.814102
24 88 0.781121
24 89 0.806138
24 90 -0.759706
24 91 0.188252
24 92 0.73568
24 93 -0.352938
24 94 -0.0168369
24 95 -0.568495
24 96 -0.499816
24 97 0.854901
24 98 0.645437
25 0 -0.304518
25 1 -0.57878
25 2 0.490386
25 3 -0.041602
25 4 -0.478318
25 5 0.36957
25 6 -0.462022
25 7 -0.649391
25 8 0.156505
25 9 -0.653363
25 10 -0.118086
25 11 -0.0456788
25 12 -0.446161
25 13 -0.066312
25 14 0.0575412
25 15 -0.239209
25 16 -0.431483
25 17 0.000498263
25 18 -0.547998
25 19 0.14383
25 20 -0.214387
25 21 0.227522
25 22 -0.598091
25 23 0.396455
25 24 -0.0987802
25 25 1
25 26 -0.658732
25 27 -0.0153512
25 28 -0.571742
25 29 0.355144
25 30 -0.241105
25 31 -0.411316
25 32 -0.333118
25 33 -0.356882
25 34 -0.126945
25 35 -0.376961
25 36 0.0431166
25 37 -0.0565426
25 38 -0.164013
25 39 -0.480997
25 40 -0.227136
25 41 -0.252318
25 42 -0.210954
25 43 0.337059
25 44 -0.156163
25 45 0.0629295
25 46 -0.126695
25 47 -0.320138
25 48 0.140775
25 49 0.308669
25 50 0.102156
25 51 0.268599
25 52 0.292183
25 53 -0.15531
25 54 -0.327805
25 55 -0.111068
25 56 -0.328584
25 57 -0.609958
25 58 -0.0518498
25 59 -0.0694566
25 60 0.0429658
25 61 -0.555812
25 62 -0.192616
25 63 0.554462
25 64 -0.452634
25 65 0.682916
25 66 0.100987
25 67 -0.531356
25 68 0.458743
25 69 -0.554551
25 70 -0.375065
25 71 -0.0999658
25 72 0.418986
25 73 -0.37178
25 74 0.277952
25 75 -0.401857
25 76 0.0782669
25 77 0.0171163
25 78 0.216776
25 79 -0.318437
25 80 -0.0805684
25 81 -0.411054
25 82 0.176218
25 83 -0.0695353
25 84 -0.291941
25 85 0.13365
25 86 -0.33344
25 87 -0.500089
25 88 -0.250201
25 89 -0.360005
25 90 0.360106
25 91 0.500986
25 92 0.137785
25 93 0.781469
25 94 0.0491672
25 95 -0.463849
25 96 0.0111331
25 97 -0.275414
25 98 -0.247125
26 0 0.791793
26 1 0.926226
26 2 -0.84281
26 3 0.393302
26 4 0.633123
26 5 -0.0110654
26 6 0.739955
26 7 0.925997
26 8 0.209218
26 9 0.748512
26 10 0.629032
26 11 0.53403
26 12 0.883161
26 13 0.307941
26 14 -0.0101529
26 15 0.589739
26 16 0.783278
26 17 0.489319
26 18 0.831677
26 19 -0.274048
26 20 0.29635
26 21 -0.194719
26 22 0.692066
26 23 -0.686843
26 24 0.456016
26 25 -0.658732
26 26 1
26 27 0.377695
26 28 0.837918
26 29 -0.204817
26 30 0.590671
26 31 0.854638
26 32 0.724731
26 33 0.815972
26 34 0.620066
26 35 0.766695
26 36 0.277209
26 37 0.562589
26 38 -0.0410646
26 39 0.841395
26 40 0.731756
26 41 0.682495
26 42 0.642875
26 43 0.142212
26 44 0.559407
26 45 0.346218
26 46 0.573938
26 47 0.256801
26 48 0.25689
26 49 -0.528688
26 50 0.335766
26 51 0.177362
26 52 -0.282561
26 53 0.614754
26 54 0.788421
26 55 0.564508
26 56 0.707067
26 57 0.926733
26 58 0.445782
26 59 0.287246
26 60 -0.332284
26 61 0.941583
26 62 0.613321
26 63 -0.851569
26 64 0.817522
26 65 -0.335239
26 66 0.387547
26 67 0.925368
26 68 -0.646228
26 69 0.911777
26 70 0.448181
26 71 0.619709
26 72 -0.688619
26 73 0.323623
26 74 0.316408
26 75 0.657607
26 76 0.338356
26 77 0.456215
