0 WDC
1 NFLX
2 AAPL
3 SRCL
4 CTRX
5 SBAC
6 XLNX
7 NXPI
8 LMCA
9 VRTX
10 SPLS
11 MYL
12 SIAL
13 HSIC
14 CTSH
15 AMZN
16 MAR
17 MAT
18 VRSK
19 VIP
20 BRCM
21 ROST
22 WFM
23 CHKP
24 GRMN
25 ESRX
26 REGN
27 AMAT
28 CHTR
29 KLAC
30 DTV
31 AVGO
32 PCLN
33 CTXS
34 SYMC
35 DISCA
36 PAYX
37 SIRI
38 DISCK
39 FFIV
40 ORLY
41 LVNTA
42 QCOM
43 YHOO
44 VOD
45 MU
46 MDLZ
47 GMCR
48 AMGN
49 FB
50 COST
51 FISV
52 WYNN
53 ADSK
54 MSFT
55 DLTR
56 SNDK
57 FAST
58 BBBY
59 EXPE
60 EXPD
61 LLTC
62 ADP
63 GILD
64 CA
65 ILMN
66 TRIP
67 ADI
68 CHRW
69 TSCO
70 NTAP
71 VIAB
72 BIDU
73 EBAY
74 SBUX
75 CMCSA
76 NVDA
77 ADBE
78 LBTYA
79 TSLA
80 KRFT
81 MXIM
82 DISH
83 PCAR
84 TXN
85 MNST
86 BIIB
87 ATVI
88 CELG
89 GOOG
90 AKAM
91 INTC
92 INTU
93 ALXN
94 STX
95 ISRG
96 EQIX
97 CERN
98 CSCO
99 ALTR
END
0 0 1
0 1 0.646866
0 2 0.295347
0 3 0.670266
0 4 0.238733
0 5 0.528262
0 6 0.550671
0 7 0.505204
0 8 0.59077
0 9 0.513541
0 10 0.385873
0 11 0.399264
0 12 0.695309
0 13 0.659262
0 14 0.629002
0 15 0.633395
0 16 0.569013
0 17 -0.128962
0 18 0.619665
0 19 0.537582
0 20 -0.165138
0 21 0.539405
0 22 0.665768
0 23 0.528929
0 24 0.412736
0 25 0.639846
0 26 0.554672
0 27 0.67259
0 28 0.442094
0 29 0.751652
0 30 0.383152
0 31 0.326124
0 32 0.610317
0 33 0.4791
0 34 0.454918
0 35 0.677827
0 36 0.586945
0 37 0.632017
0 38 0.644153
0 39 0.445377
0 40 0.421222
0 41 0.440749
0 42 0.206639
0 43 0.73096
0 44 0.552695
0 45 0.170344
0 46 0.505056
0 47 -0.0479606
0 48 0.482658
0 49 0.226593
0 50 0.573205
0 51 0.453774
0 52 0.288387
0 53 0.388947
0 54 -0.0733268
0 55 0.588893
0 56 0.221949
0 57 0.0370646
0 58 0.643588
0 59 0.133601
0 60 0.698675
0 61 0.656156
0 62 0.69462
0 63 0.540735
0 64 0.650944
0 65 0.282315
0 66 0.158033
0 67 0.627716
0 68 0.577945
0 69 0.701478
0 70 0.560756
0 71 0.520255
0 72 0.336094
0 73 0.546541
0 74 0.444234
0 75 0.646004
0 76 0.311655
0 77 0.564035
0 78 0.657699
0 79 0.401092
0 80 0.461007
0 81 0.170742
0 82 0.589388
0 83 0.805768
0 84 0.526866
0 85 0.562901
0 86 0.404337
0 87 0.366066
0 88 0.526746
0 89 0.491304
0 90 0.425875
0 91 -0.361442
0 92 0.651947
0 93 0.603088
0 94 0.273235
0 95 -0.561794
0 96 0.207531
0 97 -0.553815
0 98 0.570546
0 99 0.62376
1 0 0.646866
1 1 1
1 2 0.698555
1 3 0.825724
1 4 0.496201
1 5 0.153623
1 6 0.793615
1 7 0.87628
1 8 0.827985
1 9 0.0549325
1 10 0.176153
1 11 0.743379
1 12 0.731083
1 13 0.855324
1 14 0.877742
1 15 0.675168
1 16 0.326175
1 17 -0.595292
1 18 0.774187
1 19 0.814305
1 20 -0.682552
1 21 0.78811
1 22 0.618716
1 23 0.843723
1 24 0.810074
1 25 0.769425
1 26 0.417752
1 27 0.557696
1 28 0.578214
1 29 0.550642
1 30 -0.0812483
1 31 -0.00624399
1 32 0.905411
1 33 0.806404
1 34 0.803564
1 35 0.717596
1 36 0.820687
1 37 0.811017
1 38 0.755619
1 39 0.718685
1 40 0.766811
1 41 0.508962
1 42 0.644594
1 43 0.787772
1 44 0.648915
1 45 0.278383
1 46 0.701696
1 47 0.38687
1 48 0.814041
1 49 0.736982
1 50 0.584226
1 51 0.805043
1 52 0.485165
1 53 0.534399
1 54 -0.41119
1 55 0.745049
1 56 -0.336638
1 57 -0.29422
1 58 0.762953
1 59 -0.364677
1 60 0.893675
1 61 0.803705
1 62 0.871506
1 63 0.804407
1 64 0.784608
1 65 0.69037
1 66 0.496829
1 67 0.750747
1 68 0.499846
1 69 0.7598
1 70 0.862973
1 71 0.866802
1 72 0.757165
1 73 0.272481
1 74 0.757482
1 75 0.671627
1 76 0.676574
1 77 0.593914
1 78 0.619685
1 79 0.846745
1 80 0.0599569
1 81 0.0677224
1 82 0.821661
1 83 0.700511
1 84 0.816805
1 85 0.299389
1 86 0.109563
1 87 0.68688
1 88 0.792568
1 89 0.18252
1 90 0.701765
1 91 -0.762596
1 92 0.817658
1 93 0.770558
1 94 -0.336161
1 95 -0.878842
1 96 -0.362976
1 97 -0.783736
1 98 0.382193
1 99 0.803969
2 0 0.295347
2 1 0.698555
2 2 1
2 3 0.395267
2 4 0.708218
2 5 -0.299012
2 6 0.572828
2 7 0.79486
2 8 0.547489
2 9 -0.427546
2 10 -0.06919
2 11 0.799329
2 12 0.674346
2 13 0.628613
2 14 0.625753
2 15 0.16528
2 16 0.162613
2 17 -0.71088
2 18 0.480826
2 19 0.687804
2 20 -0.78236
2 21 0.505738
2 22 0.114434
2 23 0.680522
2 24 0.728398
2 25 0.393387
2 26 0.0886613
2 27 0.119531
2 28 0.135254
2 29 0.109652
2 30 -0.57367
2 31 -0.453332
2 32 0.670286
2 33 0.832228
2 34 0.775342
2 35 0.228131
2 36 0.598351
2 37 0.594752
2 38 0.274739
2 39 0.800532
2 40 0.658743
2 41 0.0744491
2 42 0.914935
2 43 0.542981
2 44 0.664273
2 45 0.114037
2 46 0.685359
2 47 0.636055
2 48 0.60517
2 49 0.815903
2 50 0.173806
2 51 0.794674
2 52 0.821414
2 53 0.545607
2 54 -0.46304
2 55 0.268297
2 56 -0.693774
2 57 -0.100409
2 58 0.326768
2 59 -0.78481
2 60 0.605354
2 61 0.498675
2 62 0.452179
2 63 0.583178
2 64 0.652911
2 65 0.495549
2 66 0.683214
2 67 0.510487
2 68 0.00816858
2 69 0.320887
2 70 0.713416
2 71 0.785829
2 72 0.84341
2 73 -0.0849814
2 74 0.592416
2 75 0.29039
2 76 0.82038
2 77 0.0168119
2 78 0.197082
2 79 0.727011
2 80 -0.427711
2 81 0.143516
2 82 0.421304
2 83 0.248413
2 84 0.718109
2 85 0.0148376
2 86 -0.126612
2 87 0.727573
2 88 0.583599
2 89 -0.386668
2 90 0.78203
2 91 -0.588796
2 92 0.402372
2 93 0.488495
2 94 -0.740098
2 95 -0.635088
2 96 -0.595023
2 97 -0.422893
2 98 0.00330204
2 99 0.533736
3 0 0.670266
3 1 0.825724
3 2 0.395267
3 3 1
3 4 0.390625
3 5 0.319686
3 6 0.899602
3 7 0.803217
3 8 0.947024
3 9 0.289405
3 10 0.532521
3 11 0.680128
3 12 0.728341
3 13 0.921495
3 14 0.921182
3 15 0.899061
3 16 0.465896
3 17 -0.455981
3 18 0.899946
3 19 0.593406
3 20 -0.614382
3 21 0.843398
3 22 0.894046
3 23 0.885044
3 24 0.767296
3 25 0.923148
3 26 0.645286
3 27 0.685853
3 28 0.864419
3 29 0.788448
3 30 0.285397
3 31 0.112005
3 32 0.877395
3 33 0.761115
3 34 0.766277
3 35 0.928041
3 36 0.892067
3 37 0.921345
3 38 0.951476
3 39 0.666906
3 40 0.838034
3 41 0.814448
3 42 0.473032
3 43 0.774002
3 44 0.720448
3 45 0.3362
3 46 0.728934
3 47 0.052581
3 48 0.849325
3 49 0.65863
3 50 0.870781
3 51 0.757705
3 52 0.185603
3 53 0.302213
3 54 -0.541798
3 55 0.908283
3 56 -0.121035
3 57 -0.131017
3 58 0.940011
3 59 -0.198308
3 60 0.893945
3 61 0.936495
3 62 0.974185
3 63 0.892134
3 64 0.825728
3 65 0.83116
3 66 0.514569
3 67 0.896786
3 68 0.663699
3 69 0.899895
3 70 0.845399
3 71 0.80074
3 72 0.672273
3 73 0.403208
3 74 0.819726
3 75 0.931555
3 76 0.334038
3 77 0.878221
3 78 0.874167
3 79 0.773403
3 80 0.478477
3 81 0.165136
3 82 0.931702
3 83 0.890874
3 84 0.848243
3 85 0.555953
3 86 0.366819
3 87 0.719074
3 88 0.8897
3 89 0.476795
3 90 0.650725
3 91 -0.771943
3 92 0.944572
3 93 0.910991
3 94 -0.171394
3 95 -0.900742
3 96 -0.212929
3 97 -0.886229
3 98 0.722185
3 99 0.936129
4 0 0.238733
4 1 0.496201
4 2 0.708218
4 3 0.390625
4 4 1
4 5 -0.312831
4 6 0.571532
4 7 0.729973
4 8 0.59169
4 9 -0.383524
4 10 0.276764
4 11 0.875341
4 12 0.59222
4 13 0.677577
4 14 0.589173
4 15 0.288159
4 16 0.0877488
4 17 -0.676571
4 18 0.5423
4 19 0.558992
4 20 -0.78743
4 21 0.503017
4 22 0.245039
4 23 0.696885
4 24 0.732533
4 25 0.429699
4 26 0.213934
4 27 0.211683
4 28 0.281696
4 29 0.172529
4 30 -0.410573
4 31 -0.429639
4 32 0.623557
4 33 0.772748
4 34 0.814069
4 35 0.178571
4 36 0.683937
4 37 0.571965
4 38 0.237768
4 39 0.754119
4 40 0.730341
4 41 0.367843
4 42 0.794805
4 43 0.507293
4 44 0.631849
4 45 0.357901
4 46 0.812746
4 47 0.692703
4 48 0.638238
4 49 0.804148
4 50 0.38996
4 51 0.814089
4 52 0.759461
4 53 0.222326
4 54 -0.573243
4 55 0.333634
4 56 -0.4821
4 57 0.00971424
4 58 0.455523
4 59 -0.718153
4 60 0.564834
4 61 0.499044
4 62 0.364991
4 63 0.562581
4 64 0.722729
4 65 0.474338
4 66 0.851793
4 67 0.565138
4 68 0.0383067
4 69 0.421527
4 70 0.749081
4 71 0.763371
4 72 0.830371
4 73 -0.191299
4 74 0.714063
4 75 0.418857
4 76 0.573849
4 77 0.106873
4 78 0.217824
4 79 0.657342
4 80 -0.0883448
4 81 0.105363
4 82 0.444053
4 83 0.309946
4 84 0.704669
4 85 0.341848
4 86 -0.234549
4 87 0.740557
4 88 0.629745
4 89 -0.1199
4 90 0.59786
4 91 -0.520829
4 92 0.330208
4 93 0.550362
4 94 -0.717304
4 95 -0.580479
4 96 -0.603677
4 97 -0.302406
4 98 0.302713
4 99 0.568809
5 0 0.528262
5 1 0.153623
5 2 -0.299012
5 3 0.319686
5 4 -0.312831
5 5 1
5 6 0.232262
5 7 -0.106819
5 8 0.183796
5 9 0.855066
5 10 0.219002
5 11 -0.262476
5 12 0.188089
5 13 0.148387
5 14 0.236325
5 15 0.482972
5 16 0.552129
5 17 0.232412
5 18 0.190467
5 19 -0.00517001
5 20 0.359938
5 21 0.179597
5 22 0.500374
5 23 0.00819038
5 24 -0.162372
5 25 0.445461
5 26 0.700302
5 27 0.675946
5 28 0.1482
5 29 0.69496
5 30 0.748145
5 31 0.474975
5 32 -1.0646e-05
5 33 -0.10974
5 34 -0.196551
5 35 0.504533
5 36 0.0947787
5 37 0.223916
5 38 0.435628
5 39 0.0133235
5 40 -0.107502
5 41 0.294374
5 42 -0.346898
5 43 0.426708
5 44 0.152684
5 45 -0.392537
5 46 0.0910838
5 47 -0.426873
5 48 0.16021
5 49 -0.311721
5 50 0.495158
5 51 -0.219299
5 52 -0.15981
5 53 0.319199
5 54 0.239505
5 55 0.285792
5 56 0.496229
5 57 0.289436
5 58 0.320232
5 59 0.554031
5 60 0.319194
5 61 0.345915
5 62 0.286166
5 63 0.256354
5 64 0.0748015
5 65 -0.0671185
5 66 -0.324681
5 67 0.277099
5 68 0.732065
5 69 0.330655
5 70 0.00480145
5 71 -0.119596
5 72 -0.199864
5 73 0.421634
5 74 -0.0642623
5 75 0.370138
5 76 -0.218999
5 77 0.411359
5 78 0.564649
5 79 -0.188846
5 80 0.695003
5 81 0.16038
5 82 0.155382
5 83 0.60004
5 84 0.0943235
5 85 0.467746
5 86 0.716783
5 87 -0.0968598
5 88 0.183093
5 89 0.599913
5 90 0.0404303
5 91 0.204287
5 92 0.225424
5 93 0.301787
5 94 0.646942
5 95 -0.134614
5 96 0.760014
5 97 -0.132798
5 98 0.43844
5 99 0.237943
6 0 0.550671
6 1 0.793615
6 2 0.572828
6 3 0.899602
6 4 0.571532
6 5 0.232262
6 6 1
6 7 0.834126
6 8 0.956732
6 9 0.167835
6 10 0.470139
6 11 0.762758
6 12 0.790802
6 13 0.933051
6 14 0.95692
6 15 0.814687
6 16 0.406698
6 17 -0.698495
6 18 0.833909
6 19 0.571539
6 20 -0.745089
6 21 0.785788
6 22 0.780213
6 23 0.935866
6 24 0.817565
6 25 0.924426
6 26 0.724664
6 27 0.668127
6 28 0.704487
6 29 0.739611
6 30 0.138126
6 31 -0.16735
6 32 0.812561
6 33 0.859627
6 34 0.842017
6 35 0.791801
6 36 0.912636
6 37 0.934246
6 38 0.827749
6 39 0.865383
6 40 0.884151
6 41 0.726649
6 42 0.675362
6 43 0.858187
6 44 0.832239
6 45 0.198558
6 46 0.880736
6 47 0.224023
6 48 0.925581
6 49 0.785674
6 50 0.855739
6 51 0.808158
6 52 0.403105
6 53 0.418926
6 54 -0.700974
6 55 0.758939
6 56 -0.355773
6 57 0.0220862
6 58 0.833844
6 59 -0.465225
6 60 0.899845
6 61 0.966869
6 62 0.875474
6 63 0.961902
6 64 0.83633
6 65 0.826029
6 66 0.689322
6 67 0.943422
6 68 0.618659
6 69 0.752449
6 70 0.909445
6 71 0.832032
6 72 0.845451
6 73 0.131968
6 74 0.832243
6 75 0.887753
6 76 0.420825
6 77 0.713985
6 78 0.830826
6 79 0.748098
6 80 0.359762
6 81 0.248108
6 82 0.858309
6 83 0.835012
6 84 0.945922
6 85 0.555806
6 86 0.319907
6 87 0.866394
6 88 0.949243
6 89 0.246738
6 90 0.815852
6 91 -0.732023
6 92 0.810288
6 93 0.952655
6 94 -0.413418
6 95 -0.926664
6 96 -0.298138
6 97 -0.756385
6 98 0.666717
6 99 0.953936
7 0 0.505204
7 1 0.87628
7 2 0.79486
7 3 0.803217
7 4 0.729973
7 5 -0.106819
7 6 0.834126
7 7 1
7 8 0.879311
7 9 -0.199771
7 10 0.298593
7 11 0.936247
7 12 0.775836
7 13 0.910905
7 14 0.875767
7 15 0.603368
7 16 0.263894
7 17 -0.699546
7 18 0.821867
7 19 0.783121
7 20 -0.873625
7 21 0.801922
7 22 0.559755
7 23 0.931393
7 24 0.930266
7 25 0.726075
7 26 0.339482
7 27 0.382043
7 28 0.655694
7 29 0.444975
7 30 -0.224959
7 31 -0.150619
7 32 0.93732
7 33 0.936553
7 34 0.951184
7 35 0.643524
7 36 0.879817
7 37 0.86447
7 38 0.699852
7 39 0.836846
7 40 0.914741
7 41 0.564923
7 42 0.843473
7 43 0.707107
7 44 0.783828
7 45 0.450007
7 46 0.840487
7 47 0.50225
7 48 0.843317
7 49 0.908679
7 50 0.597387
7 51 0.961745
7 52 0.607189
7 53 0.39854
7 54 -0.603555
7 55 0.702562
7 56 -0.453509
7 57 -0.215751
7 58 0.749581
7 59 -0.595229
7 60 0.850419
7 61 0.811782
7 62 0.804826
7 63 0.820713
7 64 0.88092
7 65 0.801502
7 66 0.763538
7 67 0.815354
7 68 0.3141
7 69 0.719894
7 70 0.937999
7 71 0.980687
7 72 0.911366
7 73 0.152246
7 74 0.877504
7 75 0.706549
7 76 0.684009
7 77 0.54372
7 78 0.564461
7 79 0.929273
7 80 0.0144721
7 81 0.178096
7 82 0.837925
7 83 0.619513
7 84 0.919349
7 85 0.361085
7 86 0.0238453
7 87 0.84741
7 88 0.845074
7 89 0.0591733
7 90 0.78218
7 91 -0.820838
7 92 0.791879
7 93 0.794829
7 94 -0.584267
7 95 -0.865049
7 96 -0.579425
7 97 -0.764803
7 98 0.437136
7 99 0.86688
8 0 0.59077
8 1 0.827985
8 2 0.547489
8 3 0.947024
8 4 0.59169
8 5 0.183796
8 6 0.956732
8 7 0.879311
8 8 1
8 9 0.124205
8 10 0.551031
8 11 0.810634
8 12 0.768269
8 13 0.971466
8 14 0.961955
8 15 0.877412
8 16 0.424126
8 17 -0.602437
8 18 0.916357
8 19 0.614174
8 20 -0.764549
8 21 0.852597
8 22 0.834558
8 23 0.955242
8 24 0.846552
8 25 0.919399
8 26 0.656502
8 27 0.667258
8 28 0.81191
8 29 0.722057
8 30 0.146135
8 31 -0.0639772
8 32 0.901851
8 33 0.878214
8 34 0.876323
8 35 0.836269
8 36 0.942359
8 37 0.964968
8 38 0.880268
8 39 0.809704
8 40 0.941677
8 41 0.802507
8 42 0.641443
8 43 0.82203
8 44 0.808923
8 45 0.325954
8 46 0.863288
8 47 0.229415
8 48 0.916194
8 49 0.80912
8 50 0.860896
8 51 0.858124
8 52 0.359929
8 53 0.305072
8 54 -0.668237
8 55 0.865129
8 56 -0.315751
8 57 -0.0981278
8 58 0.928554
8 59 -0.434857
8 60 0.915338
8 61 0.953011
8 62 0.923079
8 63 0.949937
8 64 0.903741
8 65 0.861084
8 66 0.707549
8 67 0.950622
8 68 0.611331
8 69 0.868713
8 70 0.934287
8 71 0.876542
8 72 0.832057
8 73 0.251902
8 74 0.926152
8 75 0.914141
8 76 0.445985
8 77 0.788521
8 78 0.833587
8 79 0.833881
8 80 0.386858
8 81 0.19879
8 82 0.908933
8 83 0.854437
8 84 0.940155
8 85 0.575463
8 86 0.250011
8 87 0.878863
8 88 0.960072
8 89 0.361405
8 90 0.756986
8 91 -0.789153
8 92 0.895676
8 93 0.948147
8 94 -0.383636
8 95 -0.943708
8 96 -0.371286
8 97 -0.851623
8 98 0.705556
8 99 0.953559
9 0 0.513541
9 1 0.0549325
9 2 -0.427546
9 3 0.289405
9 4 -0.383524
9 5 0.855066
9 6 0.167835
9 7 -0.199771
9 8 0.124205
9 9 1
9 10 0.246508
9 11 -0.342019
9 12 0.0449023
9 13 0.0971989
9 14 0.154231
9 15 0.482614
9 16 0.437717
9 17 0.274427
9 18 0.140497
9 19 -0.0600827
9 20 0.391435
9 21 0.12705
9 22 0.476061
9 23 -0.0415612
9 24 -0.19792
9 25 0.372341
9 26 0.655804
9 27 0.583933
9 28 0.199055
9 29 0.63567
9 30 0.762137
9 31 0.437936
9 32 -0.0441168
9 33 -0.192452
9 34 -0.238488
9 35 0.439305
9 36 0.0289869
9 37 0.127287
9 38 0.380747
9 39 -0.119315
9 40 -0.141889
9 41 0.310384
9 42 -0.47145
9 43 0.336313
9 44 0.0388888
9 45 -0.194555
9 46 -0.0521516
9 47 -0.519846
9 48 0.0833847
9 49 -0.381205
9 50 0.43106
9 51 -0.279809
9 52 -0.363088
9 53 0.156779
9 54 0.200987
9 55 0.282372
9 56 0.59941
9 57 0.177075
9 58 0.291741
9 59 0.642734
9 60 0.19211
9 61 0.265586
9 62 0.2772
9 63 0.19137
9 64 0.0361274
9 65 -0.0378284
9 66 -0.426771
9 67 0.181584
9 68 0.65237
9 69 0.322325
9 70 -0.0397536
9 71 -0.188801
9 72 -0.276014
9 73 0.394317
9 74 -0.100569
9 75 0.333585
9 76 -0.329935
9 77 0.457166
9 78 0.538937
9 79 -0.23371
9 80 0.691261
9 81 -0.0588173
9 82 0.188377
9 83 0.55751
9 84 -0.024404
9 85 0.490066
9 86 0.676754
9 87 -0.195208
9 88 0.125651
9 89 0.630473
9 90 -0.0980117
9 91 0.146086
9 92 0.255752
9 93 0.25227
9 94 0.712468
9 95 -0.0805249
9 96 0.677283
9 97 -0.164953
9 98 0.365404
9 99 0.156944
10 0 0.385873
10 1 0.176153
10 2 -0.06919
10 3 0.532521
10 4 0.276764
10 5 0.219002
10 6 0.470139
10 7 0.298593
10 8 0.551031
10 9 0.246508
10 10 1
10 11 0.352414
10 12 0.378543
10 13 0.522324
10 14 0.402469
10 15 0.644023
10 16 0.256367
10 17 -0.0121838
10 18 0.525786
10 19 0.0571229
10 20 -0.190028
10 21 0.259024
10 22 0.7101
10 23 0.429558
10 24 0.206716
10 25 0.518385
10 26 0.464747
10 27 0.542951
10 28 0.587265
10 29 0.592895
10 30 0.54833
10 31 0.216556
10 32 0.370293
10 33 0.317885
10 34 0.382864
10 35 0.539207
10 36 0.542287
10 37 0.516578
10 38 0.537361
10 39 0.307475
10 40 0.485072
10 41 0.637798
10 42 0.0704433
10 43 0.374721
10 44 0.377042
10 45 0.339786
10 46 0.441246
10 47 -0.249374
10 48 0.360568
10 49 0.216224
10 50 0.664701
10 51 0.353512
10 52 -0.0651336
10 53 -0.293952
10 54 -0.386331
10 55 0.480993
10 56 0.122131
10 57 0.103992
10 58 0.614556
10 59 0.0279141
10 60 0.354624
10 61 0.549474
10 62 0.476724
10 63 0.388628
10 64 0.524432
10 65 0.372973
10 66 0.345546
10 67 0.636131
10 68 0.362372
10 69 0.515488
10 70 0.417077
10 71 0.301094
10 72 0.242445
10 73 0.437322
10 74 0.498048
10 75 0.672043
10 76 -0.000521175
10 77 0.600284
10 78 0.537671
10 79 0.206408
10 80 0.692567
10 81 0.257385
10 82 0.468156
10 83 0.593492
10 84 0.414896
10 85 0.532127
10 86 0.166362
10 87 0.432287
10 88 0.453759
10 89 0.572283
10 90 0.169092
10 91 -0.242873
10 92 0.484175
10 93 0.53266
10 94 0.0543611
10 95 -0.399727
10 96 0.00122669
10 97 -0.425585
10 98 0.807929
10 99 0.539258
11 0 0.399264
11 1 0.743379
11 2 0.799329
11 3 0.680128
11 4 0.875341
11 5 -0.262476
11 6 0.762758
11 7 0.936247
11 8 0.810634
11 9 -0.342019
11 10 0.352414
11 11 1
11 12 0.76184
11 13 0.864355
11 14 0.800775
11 15 0.492907
11 16 0.193187
11 17 -0.711884
11 18 0.745872
11 19 0.704289
11 20 -0.896583
11 21 0.684604
11 22 0.472259
11 23 0.907113
11 24 0.89539
11 25 0.619956
11 26 0.258815
11 27 0.286333
11 28 0.545631
11 29 0.333765
11 30 -0.322833
11 31 -0.326442
11 32 0.874199
11 33 0.929752
11 34 0.966246
11 35 0.479018
11 36 0.859607
11 37 0.803115
11 38 0.538442
11 39 0.851208
11 40 0.908724
11 41 0.501276
11 42 0.88346
11 43 0.624015
11 44 0.776664
11 45 0.461082
11 46 0.867991
11 47 0.561853
11 48 0.795469
11 49 0.932229
11 50 0.533605
11 51 0.981255
11 52 0.671921
11 53 0.283201
11 54 -0.654866
11 55 0.578086
11 56 -0.545226
11 57 -0.146187
11 58 0.667388
11 59 -0.717899
11 60 0.758434
11 61 0.715532
11 62 0.673376
11 63 0.74357
11 64 0.88607
11 65 0.726209
11 66 0.878525
11 67 0.750692
11 68 0.139392
11 69 0.627869
11 70 0.908231
11 71 0.96092
11 72 0.937077
11 73 0.0475887
11 74 0.874593
11 75 0.631471
11 76 0.655397
11 77 0.38819
11 78 0.435865
11 79 0.883518
11 80 -0.0463433
11 81 0.171663
11 82 0.721003
11 83 0.499955
11 84 0.870899
11 85 0.347899
11 86 -0.11522
11 87 0.874918
11 88 0.794768
11 89 -0.0511379
11 90 0.755552
11 91 -0.788122
11 92 0.660603
11 93 0.736115
11 94 -0.706443
11 95 -0.802278
11 96 -0.656942
11 97 -0.628636
11 98 0.430518
11 99 0.790039
12 0 0.695309
12 1 0.731083
12 2 0.674346
12 3 0.728341
12 4 0.59222
12 5 0.188089
12 6 0.790802
12 7 0.775836
12 8 0.768269
12 9 0.0449023
12 10 0.378543
12 11 0.76184
12 12 1
12 13 0.834581
12 14 0.826345
12 15 0.562856
12 16 0.564196
12 17 -0.457076
12 18 0.755059
12 19 0.553371
12 20 -0.550674
12 21 0.661961
12 22 0.64665
12 23 0.809683
12 24 0.709551
12 25 0.703196
12 26 0.537449
12 27 0.563882
12 28 0.427428
12 29 0.683566
12 30 0.0524081
12 31 -0.0484163
12 32 0.754655
12 33 0.845604
12 34 0.793
12 35 0.655727
12 36 0.839328
12 37 0.863911
12 38 0.644659
12 39 0.860434
12 40 0.722922
12 41 0.476114
12 42 0.707844
12 43 0.785727
12 44 0.863819
12 45 0.0487196
12 46 0.827632
12 47 0.181236
12 48 0.749473
12 49 0.668845
12 50 0.649581
12 51 0.791064
12 52 0.624895
12 53 0.500967
12 54 -0.383835
12 55 0.570381
12 56 -0.327428
12 57 0.268455
12 58 0.656391
12 59 -0.431924
12 60 0.839143
12 61 0.833179
12 62 0.729218
12 63 0.757758
12 64 0.796652
12 65 0.539929
12 66 0.668496
12 67 0.845489
12 68 0.405143
12 69 0.602828
12 70 0.760894
12 71 0.795079
12 72 0.742948
12 73 0.388755
12 74 0.679759
12 75 0.754632
12 76 0.553488
12 77 0.46669
12 78 0.647929
12 79 0.646217
12 80 0.237672
12 81 0.535223
12 82 0.621033
12 83 0.72405
12 84 0.848526
12 85 0.395685
12 86 0.332252
12 87 0.755182
12 88 0.779789
12 89 0.154684
12 90 0.848178
12 91 -0.537435
12 92 0.654201
12 93 0.793512
12 94 -0.311629
12 95 -0.752529
12 96 -0.121122
12 97 -0.568322
12 98 0.624426
12 99 0.843692
13 0 0.659262
13 1 0.855324
13 2 0.628613
13 3 0.921495
13 4 0.677577
13 5 0.148387
13 6 0.933051
13 7 0.910905
13 8 0.971466
13 9 0.0971989
13 10 0.522324
13 11 0.864355
13 12 0.834581
13 13 1
13 14 0.959121
13 15 0.818678
13 16 0.416914
13 17 -0.615469
13 18 0.921601
13 19 0.697994
13 20 -0.781113
13 21 0.850197
13 22 0.791922
13 23 0.959641
13 24 0.86922
13 25 0.891699
13 26 0.5989
13 27 0.642177
13 28 0.751843
13 29 0.700572
13 30 0.07243
13 31 -0.0725289
13 32 0.931512
13 33 0.911343
13 34 0.918266
13 35 0.806259
13 36 0.962542
13 37 0.953024
13 38 0.84274
13 39 0.841569
13 40 0.938264
13 41 0.744044
13 42 0.695896
13 43 0.83477
13 44 0.826133
13 45 0.345595
13 46 0.893325
13 47 0.288151
13 48 0.907845
13 49 0.824596
13 50 0.812227
13 51 0.906345
13 52 0.456521
13 53 0.340932
13 54 -0.635374
13 55 0.826975
13 56 -0.314759
13 57 -0.0840861
13 58 0.902973
13 59 -0.456565
13 60 0.929972
13 61 0.938895
13 62 0.912861
13 63 0.92975
13 64 0.933625
13 65 0.819676
13 66 0.729169
13 67 0.933947
13 68 0.541581
13 69 0.855492
13 70 0.956676
13 71 0.919002
13 72 0.858201
13 73 0.27393
13 74 0.916874
13 75 0.886096
13 76 0.510256
13 77 0.709987
13 78 0.786295
13 79 0.853007
13 80 0.329953
13 81 0.188137
13 82 0.891975
13 83 0.830839
13 84 0.947411
13 85 0.564706
13 86 0.204657
13 87 0.871585
13 88 0.949351
13 89 0.30276
13 90 0.775526
13 91 -0.788357
13 92 0.875322
13 93 0.931746
13 94 -0.402845
13 95 -0.940072
13 96 -0.381602
13 97 -0.831842
13 98 0.665813
13 99 0.956193
14 0 0.629002
14 1 0.877742
14 2 0.625753
14 3 0.921182
14 4 0.589173
14 5 0.236325
14 6 0.95692
14 7 0.875767
14 8 0.961955
14 9 0.154231
14 10 0.402469
14 11 0.800775
14 12 0.826345
14 13 0.959121
14 14 1
14 15 0.82658
14 16 0.464197
14 17 -0.641693
14 18 0.89184
14 19 0.637028
14 20 -0.752509
14 21 0.853078
14 22 0.790376
14 23 0.955568
14 24 0.849959
14 25 0.918809
14 26 0.675628
14 27 0.679582
14 28 0.700508
14 29 0.734459
14 30 0.0783121
14 31 -0.125971
14 32 0.902451
14 33 0.900803
14 34 0.869873
14 35 0.813073
14 36 0.937291
14 37 0.955974
14 38 0.847245
14 39 0.849274
14 40 0.897783
14 41 0.72374
14 42 0.677536
14 43 0.865141
14 44 0.839861
14 45 0.203184
14 46 0.867252
14 47 0.251431
14 48 0.919515
14 49 0.80767
14 50 0.829393
14 51 0.853965
14 52 0.43609
14 53 0.448068
14 54 -0.59616
14 55 0.832641
14 56 -0.368971
14 57 -0.0613827
14 58 0.883744
14 59 -0.447692
14 60 0.948207
14 61 0.953943
14 62 0.914775
14 63 0.961246
14 64 0.893186
14 65 0.808911
14 66 0.68137
14 67 0.926776
14 68 0.617439
14 69 0.829717
14 70 0.925563
14 71 0.888394
14 72 0.848558
14 73 0.237631
14 74 0.871522
14 75 0.882456
14 76 0.497407
14 77 0.725401
14 78 0.83226
14 79 0.834466
14 80 0.293745
14 81 0.200537
14 82 0.870708
14 83 0.83959
14 84 0.953017
14 85 0.553368
14 86 0.296275
14 87 0.854078
14 88 0.960166
14 89 0.288042
14 90 0.817361
14 91 -0.783702
14 92 0.869986
14 93 0.949564
14 94 -0.390255
14 95 -0.953858
14 96 -0.312398
14 97 -0.823374
14 98 0.642041
14 99 0.945424
15 0 0.633395
15 1 0.675168
15 2 0.16528
15 3 0.899061
15 4 0.288159
15 5 0.482972
15 6 0.814687
15 7 0.603368
15 8 0.877412
15 9 0.482614
15 10 0.644023
15 11 0.492907
15 12 0.562856
15 13 0.818678
15 14 0.82658
15 15 1
15 16 0.486609
15 17 -0.292297
15 18 0.831142
15 19 0.405145
15 20 -0.442164
15 21 0.750082
15 22 0.941741
15 23 0.74813
15 24 0.572144
15 25 0.90161
15 26 0.785944
15 27 0.820126
15 28 0.820005
15 29 0.830294
15 30 0.503837
15 31 0.208062
15 32 0.72342
15 33 0.59618
15 34 0.59422
15 35 0.885647
15 36 0.788849
15 37 0.825838
15 38 0.90638
15 39 0.538205
15 40 0.720198
15 41 0.858175
15 42 0.245884
15 43 0.756329
15 44 0.601928
15 45 0.232587
15 46 0.641349
15 47 -0.0651072
15 48 0.741787
15 49 0.486399
15 50 0.910664
15 51 0.557815
15 52 0.0247403
15 53 0.162943
15 54 -0.437343
15 55 0.884947
15 56 -0.00249685
15 57 -0.0767014
15 58 0.932918
15 59 -0.0563315
15 60 0.793595
15 61 0.872025
15 62 0.875179
15 63 0.831331
15 64 0.730956
15 65 0.704642
15 66 0.396379
15 67 0.853077
15 68 0.787159
15 69 0.881196
15 70 0.722111
15 71 0.599742
15 72 0.515675
15 73 0.437181
15 74 0.771498
15 75 0.899111
15 76 0.170611
15 77 0.904399
15 78 0.91221
15 79 0.581979
15 80 0.669533
15 81 0.122427
15 82 0.836519
15 83 0.922015
15 84 0.725338
15 85 0.687509
15 86 0.409133
15 87 0.63425
15 88 0.832621
15 89 0.691574
15 90 0.500654
15 91 -0.569128
15 92 0.862071
15 93 0.870465
15 94 0.00738203
15 95 -0.78423
15 96 -0.0392165
15 97 -0.806539
15 98 0.789005
15 99 0.819403
16 0 0.569013
16 1 0.326175
16 2 0.162613
16 3 0.465896
16 4 0.0877488
16 5 0.552129
16 6 0.406698
16 7 0.263894
16 8 0.424126
16 9 0.437717
16 10 0.256367
16 11 0.193187
16 12 0.564196
16 13 0.416914
16 14 0.464197
16 15 0.486609
16 16 1
16 17 0.111317
16 18 0.548068
16 19 0.0571738
16 20 0.0117399
16 21 0.515647
16 22 0.549309
16 23 0.347727
16 24 0.245913
16 25 0.473917
16 26 0.635212
16 27 0.596349
16 28 0.265695
16 29 0.641502
16 30 0.378055
16 31 0.230607
16 32 0.296245
16 33 0.369467
16 34 0.247637
16 35 0.520118
16 36 0.396846
16 37 0.543991
16 38 0.474994
16 39 0.349415
16 40 0.296761
16 41 0.431414
16 42 0.129379
16 43 0.541813
16 44 0.536717
16 45 -0.291955
16 46 0.38112
16 47 -0.146951
16 48 0.376776
16 49 0.15629
16 50 0.539511
16 51 0.240655
16 52 0.272032
16 53 0.359265
16 54 0.0896442
16 55 0.492819
16 56 0.089038
16 57 0.558519
16 58 0.482048
16 59 0.0359699
16 60 0.572448
16 61 0.504378
16 62 0.409531
16 63 0.497847
16 64 0.387028
16 65 0.170002
16 66 0.201373
16 67 0.509706
16 68 0.659462
16 69 0.519381
16 70 0.246376
16 71 0.270557
16 72 0.197186
16 73 0.521458
16 74 0.344394
16 75 0.525949
16 76 0.197617
16 77 0.387679
16 78 0.626219
16 79 0.204438
16 80 0.48666
16 81 0.474344
16 82 0.272636
16 83 0.65011
16 84 0.408065
16 85 0.39465
16 86 0.771108
16 87 0.373302
16 88 0.4792
16 89 0.460155
16 90 0.527012
16 91 -0.0595373
16 92 0.413627
16 93 0.509128
16 94 0.235915
16 95 -0.319172
16 96 0.370116
16 97 -0.334005
16 98 0.467383
16 99 0.462007
17 0 -0.128962
17 1 -0.595292
17 2 -0.71088
17 3 -0.455981
17 4 -0.676571
17 5 0.232412
17 6 -0.698495
17 7 -0.699546
17 8 -0.602437
17 9 0.274427
17 10 -0.0121838
17 11 -0.711884
17 12 -0.457076
17 13 -0.615469
17 14 -0.641693
17 15 -0.292297
17 16 0.111317
17 17 1
17 18 -0.400453
17 19 -0.572845
17 20 0.840893
17 21 -0.460265
17 22 -0.190745
17 23 -0.701661
17 24 -0.718223
17 25 -0.533272
17 26 -0.276399
17 27 -0.148023
17 28 -0.300173
17 29 -0.161399
17 30 0.41161
17 31 0.574615
17 32 -0.566232
17 33 -0.693357
17 34 -0.717704
17 35 -0.250123
17 36 -0.592793
17 37 -0.523096
17 38 -0.323616
17 39 -0.732812
17 40 -0.67629
17 41 -0.282579
17 42 -0.777473
17 43 -0.572263
17 44 -0.550497
17 45 -0.254778
17 46 -0.70249
17 47 -0.589646
17 48 -0.712263
17 49 -0.784064
17 50 -0.363825
17 51 -0.695453
17 52 -0.538412
17 53 -0.418696
17 54 0.764544
17 55 -0.308913
17 56 0.595115
17 57 0.199894
17 58 -0.373537
17 59 0.706438
17 60 -0.557606
17 61 -0.546058
17 62 -0.456081
17 63 -0.655758
17 64 -0.563161
17 65 -0.600265
17 66 -0.661274
17 67 -0.510121
17 68 -0.144448
17 69 -0.304516
17 70 -0.758874
17 71 -0.706255
17 72 -0.840925
17 73 0.470889
17 74 -0.570496
17 75 -0.374771
17 76 -0.432162
17 77 -0.173009
17 78 -0.309447
17 79 -0.646291
17 80 0.213955
17 81 0.0977591
17 82 -0.55532
17 83 -0.294454
17 84 -0.692633
17 85 -0.239276
17 86 0.162995
17 87 -0.691903
17 88 -0.63333
17 89 0.357261
17 90 -0.620946
17 91 0.676379
17 92 -0.386427
17 93 -0.554261
17 94 0.745671
17 95 0.688591
17 96 0.623236
17 97 0.401593
17 98 -0.10172
17 99 -0.576417
18 0 0.619665
18 1 0.774187
18 2 0.480826
18 3 0.899946
18 4 0.5423
18 5 0.190467
18 6 0.833909
18 7 0.821867
18 8 0.916357
18 9 0.140497
18 10 0.525786
18 11 0.745872
18 12 0.755059
18 13 0.921601
18 14 0.89184
18 15 0.831142
18 16 0.548068
18 17 -0.400453
18 18 1
18 19 0.533215
18 20 -0.650269
18 21 0.897202
18 22 0.799855
18 23 0.868367
18 24 0.825855
18 25 0.813205
18 26 0.598534
18 27 0.636403
18 28 0.810531
18 29 0.685276
18 30 0.16096
18 31 0.0986289
18 32 0.865599
18 33 0.832964
18 34 0.835699
18 35 0.790648
18 36 0.883654
18 37 0.908666
18 38 0.82722
18 39 0.686605
18 40 0.883903
18 41 0.810394
18 42 0.544083
18 43 0.717001
18 44 0.776892
18 45 0.331858
18 46 0.763135
18 47 0.198887
18 48 0.798219
18 49 0.73399
18 50 0.8146
18 51 0.81856
18 52 0.333864
18 53 0.196777
18 54 -0.471831
18 55 0.914753
18 56 -0.197166
18 57 -0.0202676
18 58 0.927196
18 59 -0.327742
18 60 0.887015
18 61 0.879839
18 62 0.864701
18 63 0.859913
18 64 0.852435
18 65 0.77286
18 66 0.64274
18 67 0.886673
18 68 0.620981
18 69 0.904546
18 70 0.828705
18 71 0.82418
18 72 0.714381
18 73 0.408552
18 74 0.886012
18 75 0.899443
18 76 0.427506
18 77 0.774454
18 78 0.813265
18 79 0.812551
18 80 0.408909
18 81 0.25194
18 82 0.862142
18 83 0.821552
18 84 0.855431
18 85 0.570645
18 86 0.328603
18 87 0.789762
18 88 0.903418
18 89 0.46793
18 90 0.700371
18 91 -0.698717
18 92 0.892341
18 93 0.897456
18 94 -0.253329
18 95 -0.82779
18 96 -0.285309
18 97 -0.860575
18 98 0.683325
18 99 0.903873
19 0 0.537582
19 1 0.814305
19 2 0.687804
19 3 0.593406
19 4 0.558992
19 5 -0.00517001
19 6 0.571539
19 7 0.783121
19 8 0.614174
19 9 -0.0600827
19 10 0.0571229
19 11 0.704289
19 12 0.553371
19 13 0.697994
19 14 0.637028
19 15 0.405145
19 16 0.0571738
19 17 -0.572845
19 18 0.533215
19 19 1
19 20 -0.662008
19 21 0.567231
19 22 0.335211
19 23 0.659836
19 24 0.704133
19 25 0.551865
19 26 0.147606
19 27 0.275655
19 28 0.374697
19 29 0.288836
19 30 -0.24683
19 31 -0.0677478
19 32 0.788035
19 33 0.663213
19 34 0.696789
19 35 0.476285
19 36 0.605123
19 37 0.593066
19 38 0.51034
19 39 0.621464
19 40 0.600974
19 41 0.268152
19 42 0.647043
19 43 0.612066
19 44 0.502928
19 45 0.400009
19 46 0.629845
19 47 0.517535
19 48 0.684862
19 49 0.644653
19 50 0.288017
19 51 0.72236
19 52 0.565268
19 53 0.557149
19 54 -0.319661
19 55 0.449758
19 56 -0.242272
19 57 -0.449317
19 58 0.512675
19 59 -0.361207
19 60 0.665572
19 61 0.556278
19 62 0.657077
19 63 0.578005
19 64 0.705853
19 65 0.573247
19 66 0.435406
19 67 0.514263
19 68 0.148184
19 69 0.569106
19 70 0.776179
19 71 0.770755
19 72 0.683234
19 73 0.102236
19 74 0.590943
19 75 0.391367
19 76 0.649485
19 77 0.316215
19 78 0.314142
19 79 0.75055
19 80 -0.12693
19 81 -0.118386
19 82 0.640123
19 83 0.458606
19 84 0.647314
19 85 0.193616
19 86 -0.155321
19 87 0.519271
19 88 0.567155
19 89 -0.0444457
19 90 0.518157
19 91 -0.635551
19 92 0.60075
19 93 0.512271
19 94 -0.386151
19 95 -0.673232
19 96 -0.437468
19 97 -0.538033
19 98 0.128006
19 99 0.579693
20 0 -0.165138
20 1 -0.682552
20 2 -0.78236
20 3 -0.614382
20 4 -0.78743
20 5 0.359938
20 6 -0.745089
20 7 -0.873625
20 8 -0.764549
20 9 0.391435
20 10 -0.190028
20 11 -0.896583
20 12 -0.550674
20 13 -0.781113
20 14 -0.752509
20 15 -0.442164
20 16 0.0117399
20 17 0.840893
20 18 -0.650269
20 19 -0.662008
20 20 1
20 21 -0.666547
20 22 -0.340575
20 23 -0.851291
20 24 -0.874741
20 25 -0.590645
20 26 -0.204636
20 27 -0.164734
20 28 -0.533653
20 29 -0.188955
20 30 0.438477
20 31 0.508207
20 32 -0.803244
20 33 -0.87848
20 34 -0.895931
20 35 -0.399986
20 36 -0.752145
20 37 -0.707779
20 38 -0.485964
20 39 -0.791796
20 40 -0.891352
20 41 -0.474135
20 42 -0.861012
20 43 -0.535208
20 44 -0.662854
20 45 -0.405526
20 46 -0.781899
20 47 -0.597978
20 48 -0.778436
20 49 -0.962898
20 50 -0.444337
20 51 -0.898521
20 52 -0.52358
20 53 -0.265375
20 54 0.776662
20 55 -0.531057
20 56 0.67166
20 57 0.308819
20 58 -0.592834
20 59 0.796774
20 60 -0.655253
20 61 -0.634952
20 62 -0.612681
20 63 -0.749464
20 64 -0.770673
20 65 -0.823934
20 66 -0.841933
20 67 -0.644265
20 68 -0.116238
20 69 -0.533274
20 70 -0.874144
20 71 -0.877005
20 72 -0.94403
20 73 0.217837
20 74 -0.823681
20 75 -0.527208
20 76 -0.545774
20 77 -0.34601
20 78 -0.392131
20 79 -0.882124
20 80 0.186973
20 81 0.0539528
20 82 -0.692384
20 83 -0.361107
20 84 -0.826778
20 85 -0.269418
20 86 0.213276
20 87 -0.851078
20 88 -0.771196
20 89 0.188438
20 90 -0.699044
20 91 0.836843
20 92 -0.606045
20 93 -0.664738
20 94 0.842348
20 95 0.804066
20 96 0.800203
20 97 0.640466
20 98 -0.237906
20 99 -0.693374
21 0 0.539405
21 1 0.78811
21 2 0.505738
21 3 0.843398
21 4 0.503017
21 5 0.179597
21 6 0.785788
21 7 0.801922
21 8 0.852597
21 9 0.12705
21 10 0.259024
21 11 0.684604
21 12 0.661961
21 13 0.850197
21 14 0.853078
21 15 0.750082
21 16 0.515647
21 17 -0.460265
21 18 0.897202
21 19 0.567231
21 20 -0.666547
21 21 1
21 22 0.669221
21 23 0.82617
21 24 0.850396
21 25 0.75791
21 26 0.55144
21 27 0.561609
21 28 0.746911
21 29 0.594344
21 30 -0.00278941
21 31 0.0550878
21 32 0.820303
21 33 0.792885
21 34 0.766879
21 35 0.718986
21 36 0.79694
21 37 0.829546
21 38 0.761223
21 39 0.636772
21 40 0.835187
21 41 0.740615
21 42 0.556416
21 43 0.696142
21 44 0.687705
21 45 0.25306
21 46 0.705965
21 47 0.349617
21 48 0.799574
21 49 0.742933
21 50 0.726636
21 51 0.758996
21 52 0.356001
21 53 0.35284
21 54 -0.44242
21 55 0.888152
21 56 -0.245781
21 57 -0.0625504
21 58 0.85151
21 59 -0.370998
21 60 0.874292
21 61 0.800653
21 62 0.811948
21 63 0.862552
21 64 0.752029
21 65 0.77503
21 66 0.599111
21 67 0.76537
21 68 0.635879
21 69 0.875007
21 70 0.773266
21 71 0.789188
21 72 0.710682
21 73 0.221714
21 74 0.843338
21 75 0.769638
21 76 0.399989
21 77 0.68591
21 78 0.742776
21 79 0.829715
21 80 0.295296
21 81 0.134211
21 82 0.80368
21 83 0.748553
21 84 0.809554
21 85 0.491095
21 86 0.295935
21 87 0.737722
21 88 0.872797
21 89 0.360121
21 90 0.699329
21 91 -0.691634
21 92 0.821067
21 93 0.815356
21 94 -0.287987
21 95 -0.797635
21 96 -0.345615
21 97 -0.79708
21 98 0.501916
21 99 0.825381
22 0 0.665768
22 1 0.618716
22 2 0.114434
22 3 0.894046
22 4 0.245039
22 5 0.500374
22 6 0.780213
22 7 0.559755
22 8 0.834558
22 9 0.476061
22 10 0.7101
22 11 0.472259
22 12 0.64665
22 13 0.791922
22 14 0.790376
22 15 0.941741
22 16 0.549309
22 17 -0.190745
22 18 0.799855
22 19 0.335211
22 20 -0.340575
22 21 0.669221
22 22 1
22 23 0.719685
22 24 0.508995
22 25 0.870265
22 26 0.752794
22 27 0.818588
22 28 0.776374
22 29 0.879068
22 30 0.583341
22 31 0.289579
22 32 0.68362
22 33 0.562002
22 34 0.56661
22 35 0.916735
22 36 0.798388
22 37 0.828053
22 38 0.9113
22 39 0.529597
22 40 0.667414
22 41 0.838708
22 42 0.218899
22 43 0.731279
22 44 0.605812
22 45 0.19447
22 46 0.626081
22 47 -0.206273
22 48 0.703349
22 49 0.418585
22 50 0.917095
22 51 0.541252
22 52 0.00940411
22 53 0.156503
22 54 -0.363444
22 55 0.840072
22 56 0.041869
22 57 0.0740116
22 58 0.891211
22 59 0.00983467
22 60 0.763702
22 61 0.872709
22 62 0.868936
22 63 0.772777
22 64 0.696117
22 65 0.648725
22 66 0.391917
22 67 0.863032
22 68 0.728945
22 69 0.81677
22 70 0.662454
22 71 0.564785
22 72 0.449485
22 73 0.578327
22 74 0.707157
22 75 0.916359
22 76 0.145041
22 77 0.896486
22 78 0.905793
22 79 0.511868
22 80 0.740889
22 81 0.298474
22 82 0.777649
22 83 0.911458
22 84 0.699969
22 85 0.610035
22 86 0.461131
22 87 0.594845
22 88 0.786536
22 89 0.691587
22 90 0.505567
22 91 -0.508088
22 92 0.828406
22 93 0.848852
22 94 0.073848
22 95 -0.736236
22 96 0.0708302
22 97 -0.744124
22 98 0.87926
22 99 0.834234
23 0 0.528929
23 1 0.843723
23 2 0.680522
23 3 0.885044
23 4 0.696885
23 5 0.00819038
23 6 0.935866
23 7 0.931393
23 8 0.955242
23 9 -0.0415612
23 10 0.429558
23 11 0.907113
23 12 0.809683
23 13 0.959641
23 14 0.955568
23 15 0.74813
23 16 0.347727
23 17 -0.701661
23 18 0.868367
23 19 0.659836
23 20 -0.851291
23 21 0.82617
23 22 0.719685
23 23 1
23 24 0.9134
23 25 0.83983
23 26 0.531094
23 27 0.528785
23 28 0.722409
23 29 0.599732
23 30 -0.0642249
23 31 -0.222219
23 32 0.925497
23 33 0.940596
23 34 0.948376
23 35 0.724023
23 36 0.948354
23 37 0.936115
23 38 0.774019
23 39 0.869968
23 40 0.957508
23 41 0.697823
23 42 0.771713
23 43 0.797559
23 44 0.829729
23 45 0.361486
23 46 0.88821
23 47 0.349557
23 48 0.912337
23 49 0.899102
23 50 0.756873
23 51 0.938039
23 52 0.481933
23 53 0.356956
23 54 -0.686531
23 55 0.787319
23 56 -0.460891
23 57 -0.117814
23 58 0.840712
23 59 -0.580255
23 60 0.890491
23 61 0.90454
23 62 0.874661
23 63 0.920218
23 64 0.917755
23 65 0.861332
23 66 0.794741
23 67 0.899438
23 68 0.446076
23 69 0.788702
23 70 0.956806
23 71 0.949885
23 72 0.918915
23 73 0.155161
23 74 0.92563
23 75 0.836653
23 76 0.5282
23 77 0.662926
23 78 0.717985
23 79 0.892686
23 80 0.188945
23 81 0.187489
23 82 0.877171
23 83 0.73674
23 84 0.950331
23 85 0.48117
23 86 0.133151
23 87 0.908476
23 88 0.940008
23 89 0.163091
23 90 0.824674
23 91 -0.847778
23 92 0.844824
23 93 0.911962
23 94 -0.542532
23 95 -0.939817
23 96 -0.493795
23 97 -0.797858
23 98 0.604412
23 99 0.932538
24 0 0.412736
24 1 0.810074
24 2 0.728398
24 3 0.767296
24 4 0.732533
24 5 -0.162372
24 6 0.817565
24 7 0.930266
24 8 0.846552
24 9 -0.19792
24 10 0.206716
24 11 0.89539
24 12 0.709551
24 13 0.86922
24 14 0.849959
24 15 0.572144
24 16 0.245913
24 17 -0.718223
24 18 0.825855
24 19 0.704133
24 20 -0.874741
24 21 0.850396
24 22 0.508995
24 23 0.9134
24 24 1
24 25 0.670729
24 26 0.360549
24 27 0.34894
24 28 0.643894
24 29 0.395086
24 30 -0.302318
24 31 -0.230839
24 32 0.870649
24 33 0.912719
24 34 0.943851
24 35 0.534934
24 36 0.835199
24 37 0.817349
24 38 0.60406
24 39 0.792253
24 40 0.909397
24 41 0.573238
24 42 0.822934
24 43 0.645295
24 44 0.753402
24 45 0.439747
24 46 0.808711
24 47 0.566118
24 48 0.84822
24 49 0.927442
24 50 0.589205
24 51 0.933341
24 52 0.5724
24 53 0.341288
24 54 -0.61007
24 55 0.717327
24 56 -0.474852
24 57 -0.162723
24 58 0.721354
24 59 -0.648942
24 60 0.826219
24 61 0.770501
24 62 0.7482
24 63 0.820256
24 64 0.825253
24 65 0.829912
24 66 0.775928
24 67 0.755161
24 68 0.332366
24 69 0.724996
24 70 0.88942
24 71 0.933122
24 72 0.907467
24 73 0.0169548
24 74 0.874028
24 75 0.683726
24 76 0.593411
24 77 0.514605
24 78 0.536788
24 79 0.919699
24 80 0.0114303
24 81 0.152085
24 82 0.808571
24 83 0.577627
24 84 0.873263
24 85 0.344302
24 86 0.0130884
24 87 0.840781
24 88 0.86069
24 89 0.0424966
24 90 0.782316
24 91 -0.80858
24 92 0.753536
24 93 0.788843
24 94 -0.615994
24 95 -0.827274
24 96 -0.624605
24 97 -0.707123
24 98 0.386738
24 99 0.828251
25 0 0.639846
25 1 0.769425
25 2 0.393387
25 3 0.923148
25 4 0.429699
25 5 0.445461
25 6 0.924426
25 7 0.726075
25 8 0.919399
25 9 0.372341
25 10 0.518385
25 11 0.619956
25 12 0.703196
25 13 0.891699
25 14 0.918809
25 15 0.90161
25 16 0.473917
25 17 -0.533272
25 18 0.813205
25 19 0.551865
25 20 -0.590645
25 21 0.75791
25 22 0.870265
25 23 0.83983
25 24 0.670729
25 25 1
25 26 0.780521
25 27 0.780973
25 28 0.725715
25 29 0.83331
25 30 0.35059
25 31 0.00255591
25 32 0.777929
25 33 0.719993
25 34 0.697751
25 35 0.893966
25 36 0.858924
25 37 0.890059
25 38 0.910172
25 39 0.725408
25 40 0.777793
25 41 0.794227
25 42 0.450631
25 43 0.867279
25 44 0.731865
25 45 0.157412
25 46 0.794728
25 47 0.0749825
25 48 0.865927
25 49 0.611247
25 50 0.901331
25 51 0.67833
25 52 0.246802
25 53 0.400885
25 54 -0.576394
25 55 0.803001
25 56 -0.127514
25 57 -0.0214954
25 58 0.881953
25 59 -0.210246
25 60 0.886336
25 61 0.934801
25 62 0.900029
25 63 0.923983
25 64 0.797818
25 65 0.740902
25 66 0.518814
25 67 0.900767
25 68 0.732
25 69 0.806808
25 70 0.837283
25 71 0.720047
25 72 0.679536
25 73 0.272453
25 74 0.76055
25 75 0.899336
25 76 0.296133
25 77 0.793314
25 78 0.897087
25 79 0.653528
25 80 0.510664
25 81 0.125547
25 82 0.837971
25 83 0.90564
25 84 0.859206
25 85 0.652648
25 86 0.425999
25 87 0.723226
25 88 0.890296
25 89 0.461704
25 90 0.656049
25 91 -0.654276
25 92 0.820307
25 93 0.903122
25 94 -0.18052
25 95 -0.890894
25 96 -0.109647
25 97 -0.768313
25 98 0.722174
25 99 0.893612
26 0 0.554672
26 1 0.417752
26 2 0.0886613
26 3 0.645286
26 4 0.213934
26 5 0.700302
26 6 0.724664
26 7 0.339482
26 8 0.656502
26 9 0.655804
26 10 0.464747
26 11 0.258815
26 12 0.537449
26 13 0.5989
26 14 0.675628
26 15 0.785944
26 16 0.635212
26 17 -0.276399
26 18 0.598534
26 19 0.147606
26 20 -0.204636
26 21 0.55144
26 22 0.752794
26 23 0.531094
26 24 0.360549
26 25 0.780521
26 26 1
26 27 0.815488
26 28 0.458076
26 29 0.843513
26 30 0.560589
26 31 0.0936719
26 32 0.372681
26 33 0.432721
26 34 0.357895
26 35 0.654021
26 36 0.568393
26 37 0.665789
26 38 0.643719
26 39 0.532648
26 40 0.458918
26 41 0.649736
26 42 0.166571
26 43 0.755271
26 44 0.623348
26 45 -0.175979
26 46 0.602711
26 47 -0.115056
26 48 0.641501
26 49 0.277289
26 50 0.846458
26 51 0.29378
26 52 0.144736
26 53 0.360155
26 54 -0.29339
26 55 0.595441
26 56 0.0573688
26 57 0.376591
26 58 0.654874
26 59 -0.0169906
26 60 0.663272
26 61 0.754552
26 62 0.582137
26 63 0.737535
26 64 0.517746
26 65 0.405249
26 66 0.288653
26 67 0.727213
26 68 0.846671
26 69 0.611167
26 70 0.496952
26 71 0.346567
26 72 0.387552
26 73 0.243958
26 74 0.475181
26 75 0.753214
26 76 0.0255699
26 77 0.634066
26 78 0.849915
26 79 0.251793
26 80 0.703116
26 81 0.304664
26 82 0.525317
26 83 0.850022
26 84 0.598065
26 85 0.715535
