0 WDC
1 NFLX
2 AAPL
3 SRCL
4 CTRX
5 SBAC
6 XLNX
7 NXPI
8 LMCA
9 VRTX
10 SPLS
11 MYL
12 SIAL
13 HSIC
14 CTSH
15 AMZN
16 MAR
17 MAT
18 VRSK
19 VIP
20 BRCM
21 ROST
22 WFM
23 CHKP
24 GRMN
25 ESRX
26 REGN
27 AMAT
28 CHTR
29 KLAC
30 DTV
31 AVGO
32 PCLN
33 CTXS
34 SYMC
35 DISCA
36 PAYX
37 SIRI
38 DISCK
39 FFIV
40 ORLY
41 LVNTA
42 QCOM
43 YHOO
44 VOD
45 MU
46 MDLZ
47 GMCR
48 AMGN
49 FB
50 COST
51 FISV
52 WYNN
53 ADSK
54 MSFT
55 DLTR
56 SNDK
57 FAST
58 BBBY
59 EXPE
60 EXPD
61 LLTC
62 ADP
63 GILD
64 CA
65 ILMN
66 TRIP
67 ADI
68 CHRW
69 TSCO
70 NTAP
71 VIAB
72 BIDU
73 EBAY
74 SBUX
75 CMCSA
76 NVDA
77 ADBE
78 LBTYA
79 TSLA
80 KRFT
81 MXIM
82 DISH
83 PCAR
84 TXN
85 MNST
86 BIIB
87 ATVI
88 CELG
89 GOOG
90 AKAM
91 INTC
92 INTU
93 ALXN
94 STX
95 ISRG
96 EQIX
97 CERN
98 CSCO
99 ALTR
END
0 0 1
0 1 0.844961
0 2 0.830537
0 3 0.709399
0 4 -0.392644
0 5 0.897986
0 6 -0.585224
0 7 0.754179
0 8 0.591041
0 9 -0.641479
0 10 0.836073
0 11 0.643938
0 12 0.395117
0 13 0.965627
0 14 0.865752
0 15 0.882789
0 16 0.856829
0 17 0.86656
0 18 0.178651
0 19 0.704341
0 20 0.364288
0 21 0.868404
0 22 0.493609
0 23 0.854233
0 24 0.713568
0 25 0.278599
0 26 0.109196
0 27 0.548195
0 28 0.234
0 29 0.775888
0 30 0.796851
0 31 0.702887
0 32 0.865722
0 33 -0.869391
0 34 -0.704388
0 35 0.749366
0 36 0.911178
0 37 -0.15475
0 38 0.763839
0 39 -0.55614
0 40 0.172544
0 41 0.87204
0 42 0.623003
0 43 0.668783
0 44 0.817513
0 45 0.585347
0 46 0.81702
0 47 -0.827774
0 48 0.491015
0 49 0.437247
0 50 0.788462
0 51 0.925305
0 52 0.726404
0 53 0.587681
0 54 0.856335
0 55 0.599694
0 56 0.920114
0 57 -0.127184
0 58 0.495773
0 59 0.603215
0 60 0.286395
0 61 0.618885
0 62 0.841949
0 63 0.909585
0 64 0.806183
0 65 0.859203
0 66 0.71809
0 67 0.693085
0 68 0.237077
0 69 -0.583283
0 70 -0.709092
0 71 0.0701693
0 72 0.647118
0 73 -0.46716
0 74 0.838888
0 75 0.870052
0 76 0.0992975
0 77 0.825775
0 78 0.38773
0 79 -0.66172
0 80 0.240293
0 81 0.0758744
0 82 0.852621
0 83 0.49901
0 84 0.799512
0 85 0.60761
0 86 0.562768
0 87 0.483319
0 88 0.529111
0 89 0.923693
0 90 -0.548429
0 91 0.857533
0 92 0.925552
0 93 0.535932
0 94 0.84459
0 95 0.317911
0 96 -0.713996
0 97 0.821755
0 98 -0.712184
0 99 -0.737679
1 0 0.844961
1 1 1
1 2 0.672123
1 3 0.78705
1 4 -0.627283
1 5 0.826983
1 6 -0.387381
1 7 0.595422
1 8 0.703661
1 9 -0.595617
1 10 0.827012
1 11 0.762946
1 12 0.396337
1 13 0.85925
1 14 0.873642
1 15 0.825586
1 16 0.829873
1 17 0.801697
1 18 0.173224
1 19 0.67344
1 20 0.344271
1 21 0.857463
1 22 0.540146
1 23 0.792144
1 24 0.803166
1 25 0.139944
1 26 0.389429
1 27 0.681529
1 28 0.371027
1 29 0.776193
1 30 0.732906
1 31 0.798846
1 32 0.920841
1 33 -0.728769
1 34 -0.593396
1 35 0.795981
1 36 0.819723
1 37 0.138013
1 38 0.807084
1 39 -0.364817
1 40 0.369238
1 41 0.806949
1 42 0.556449
1 43 0.835916
1 44 0.901046
1 45 0.729988
1 46 0.685076
1 47 -0.793557
1 48 0.444305
1 49 0.647881
1 50 0.745189
1 51 0.880447
1 52 0.806827
1 53 0.772003
1 54 0.818134
1 55 0.750211
1 56 0.857866
1 57 0.0874564
1 58 0.671381
1 59 0.623063
1 60 0.273125
1 61 0.578091
1 62 0.715161
1 63 0.804768
1 64 0.683426
1 65 0.743422
1 66 0.704174
1 67 0.600987
1 68 0.310005
1 69 -0.673083
1 70 -0.550874
1 71 0.232802
1 72 0.804845
1 73 -0.169966
1 74 0.899687
1 75 0.86658
1 76 0.287515
1 77 0.871174
1 78 0.407662
1 79 -0.451999
1 80 0.150472
1 81 0.306043
1 82 0.791643
1 83 0.567692
1 84 0.780147
1 85 0.271502
1 86 0.648859
1 87 0.421989
1 88 0.677382
1 89 0.810023
1 90 -0.265659
1 91 0.759098
1 92 0.842942
1 93 0.461148
1 94 0.86375
1 95 0.0703806
1 96 -0.590035
1 97 0.872072
1 98 -0.639957
1 99 -0.584508
2 0 0.830537
2 1 0.672123
2 2 1
2 3 0.437462
2 4 -0.359184
2 5 0.832828
2 6 -0.733354
2 7 0.721961
2 8 0.47758
2 9 -0.578074
2 10 0.726393
2 11 0.312606
2 12 0.131509
2 13 0.79102
2 14 0.651794
2 15 0.781532
2 16 0.63326
2 17 0.706845
2 18 0.101339
2 19 0.739755
2 20 0.110081
2 21 0.721576
2 22 0.4381
2 23 0.593643
2 24 0.574955
2 25 0.0522583
2 26 -0.0672816
2 27 0.485824
2 28 0.125839
2 29 0.589523
2 30 0.531193
2 31 0.677381
2 32 0.710571
2 33 -0.846278
2 34 -0.724119
2 35 0.72178
2 36 0.694062
2 37 -0.270071
2 38 0.722718
2 39 -0.748369
2 40 0.00522007
2 41 0.753679
2 42 0.346902
2 43 0.497496
2 44 0.670625
2 45 0.320665
2 46 0.669609
2 47 -0.799501
2 48 0.304745
2 49 0.403309
2 50 0.494562
2 51 0.687707
2 52 0.608963
2 53 0.398373
2 54 0.720362
2 55 0.466612
2 56 0.797671
2 57 -0.27915
2 58 0.411124
2 59 0.444242
2 60 0.117741
2 61 0.333359
2 62 0.5971
2 63 0.780826
2 64 0.612207
2 65 0.731854
2 66 0.642261
2 67 0.47412
2 68 0.0857995
2 69 -0.593462
2 70 -0.861941
2 71 0.015766
2 72 0.502028
2 73 -0.586289
2 74 0.64367
2 75 0.73036
2 76 -0.258837
2 77 0.67496
2 78 0.29843
2 79 -0.523321
2 80 0.126387
2 81 -0.0568379
2 82 0.607685
2 83 0.262231
2 84 0.55643
2 85 0.557029
2 86 0.32865
2 87 0.231535
2 88 0.343889
2 89 0.846696
2 90 -0.680483
2 91 0.633793
2 92 0.784708
2 93 0.442322
2 94 0.75088
2 95 0.263606
2 96 -0.660441
2 97 0.705806
2 98 -0.710248
2 99 -0.804549
3 0 0.709399
3 1 0.78705
3 2 0.437462
3 3 1
3 4 -0.482876
3 5 0.595053
3 6 -0.164821
3 7 0.229285
3 8 0.770149
3 9 -0.320335
3 10 0.713812
3 11 0.663739
3 12 0.41826
3 13 0.776347
3 14 0.730359
3 15 0.57946
3 16 0.639328
3 17 0.600356
3 18 0.46068
3 19 0.538022
3 20 0.408372
3 21 0.641283
3 22 0.588747
3 23 0.648318
3 24 0.780259
3 25 0.124855
3 26 0.48586
3 27 0.592559
3 28 0.566106
3 29 0.731089
3 30 0.676435
3 31 0.700989
3 32 0.714533
3 33 -0.653703
3 34 -0.293359
3 35 0.598084
3 36 0.772855
3 37 0.425661
3 38 0.587234
3 39 -0.050805
3 40 0.672972
3 41 0.541409
3 42 0.554015
3 43 0.721616
3 44 0.758692
3 45 0.593198
3 46 0.630248
3 47 -0.638229
3 48 0.499813
3 49 0.640156
3 50 0.614114
3 51 0.802301
3 52 0.761734
3 53 0.578892
3 54 0.590183
3 55 0.708599
3 56 0.706776
3 57 0.142934
3 58 0.613287
3 59 0.326512
3 60 0.380745
3 61 0.385276
3 62 0.639882
3 63 0.688631
3 64 0.482053
3 65 0.538559
3 66 0.350808
3 67 0.382269
3 68 0.446947
3 69 -0.53783
3 70 -0.344683
3 71 0.322313
3 72 0.715577
3 73 -0.12198
3 74 0.769638
3 75 0.752359
3 76 0.465705
3 77 0.716327
3 78 0.275925
3 79 -0.259082
3 80 0.263858
3 81 0.372459
3 82 0.722785
3 83 0.711529
3 84 0.580152
3 85 0.352454
3 86 0.700236
3 87 0.623267
3 88 0.77658
3 89 0.61795
3 90 0.0799946
3 91 0.699094
3 92 0.629722
3 93 0.195158
3 94 0.737336
3 95 0.0821919
3 96 -0.38716
3 97 0.78192
3 98 -0.534453
3 99 -0.334015
4 0 -0.392644
4 1 -0.627283
4 2 -0.359184
4 3 -0.482876
4 4 1
4 5 -0.478514
4 6 0.195418
4 7 -0.250359
4 8 -0.451283
4 9 0.542968
4 10 -0.504405
4 11 -0.695019
4 12 -0.279638
4 13 -0.481616
4 14 -0.711439
4 15 -0.585925
4 16 -0.504143
4 17 -0.481912
4 18 -0.104612
4 19 -0.508813
4 20 -0.139538
4 21 -0.642627
4 22 -0.441728
4 23 -0.319796
4 24 -0.723002
4 25 0.436405
4 26 -0.515366
4 27 -0.783471
4 28 -0.507316
4 29 -0.533356
4 30 -0.332911
4 31 -0.726766
4 32 -0.704071
4 33 0.490133
4 34 0.486651
4 35 -0.636473
4 36 -0.47359
4 37 -0.18077
4 38 -0.633287
4 39 0.248635
4 40 -0.177651
4 41 -0.518965
4 42 -0.189839
4 43 -0.877441
4 44 -0.722597
4 45 -0.786525
4 46 -0.336576
4 47 0.667685
4 48 -0.0883334
4 49 -0.674952
4 50 -0.373538
4 51 -0.544251
4 52 -0.705363
4 53 -0.838012
4 54 -0.55895
4 55 -0.785371
4 56 -0.501171
4 57 -0.130658
4 58 -0.795895
4 59 -0.467154
4 60 -0.153649
4 61 -0.353792
4 62 -0.252493
4 63 -0.413651
4 64 -0.296716
4 65 -0.34984
4 66 -0.479209
4 67 -0.186049
4 68 -0.161131
4 69 0.757325
4 70 0.382784
4 71 -0.200861
4 72 -0.768494
4 73 -0.192525
4 74 -0.690987
4 75 -0.646916
4 76 -0.207091
4 77 -0.745231
4 78 -0.195484
4 79 0.124741
4 80 0.1696
4 81 -0.501791
4 82 -0.418559
4 83 -0.241634
4 84 -0.515483
4 85 0.291589
4 86 -0.515788
4 87 0.0110749
4 88 -0.532315
4 89 -0.365021
4 90 0.0311242
4 91 -0.439065
4 92 -0.518475
4 93 -0.330701
4 94 -0.702609
4 95 -0.0181945
4 96 0.412807
4 97 -0.71188
4 98 0.551825
4 99 0.452564
5 0 0.897986
5 1 0.826983
5 2 0.832828
5 3 0.595053
5 4 -0.478514
5 5 1
5 6 -0.589009
5 7 0.811651
5 8 0.618768
5 9 -0.754674
5 10 0.896245
5 11 0.587003
5 12 0.380703
5 13 0.907187
5 14 0.86107
5 15 0.910339
5 16 0.884896
5 17 0.870087
5 18 0.108549
5 19 0.798384
5 20 0.322046
5 21 0.918155
5 22 0.542194
5 23 0.782366
5 24 0.684013
5 25 0.119787
5 26 0.153913
5 27 0.624076
5 28 0.215969
5 29 0.805864
5 30 0.805702
5 31 0.774804
5 32 0.822095
5 33 -0.82696
5 34 -0.821091
5 35 0.872248
5 36 0.86511
5 37 -0.211135
5 38 0.885522
5 39 -0.659763
5 40 0.0546736
5 41 0.889946
5 42 0.433834
5 43 0.651539
5 44 0.846491
5 45 0.581283
5 46 0.798888
5 47 -0.901345
5 48 0.482264
5 49 0.488365
5 50 0.783669
5 51 0.861237
5 52 0.754005
5 53 0.639431
5 54 0.910792
5 55 0.67094
5 56 0.934414
5 57 -0.0962482
5 58 0.571048
5 59 0.686216
5 60 0.246212
5 61 0.590555
5 62 0.743468
5 63 0.868165
5 64 0.811075
5 65 0.900055
5 66 0.776643
5 67 0.722152
5 68 0.330655
5 69 -0.638571
5 70 -0.786505
5 71 0.211691
5 72 0.637979
5 73 -0.333847
5 74 0.889227
5 75 0.886354
5 76 0.034401
5 77 0.867427
5 78 0.430458
5 79 -0.590387
5 80 0.235526
5 81 0.115223
5 82 0.725665
5 83 0.49539
5 84 0.816984
5 85 0.507623
5 86 0.462709
5 87 0.233552
5 88 0.371284
5 89 0.938673
5 90 -0.594244
5 91 0.835792
5 92 0.958017
5 93 0.571114
5 94 0.853438
5 95 0.189166
5 96 -0.705613
5 97 0.828683
5 98 -0.594262
5 99 -0.792416
6 0 -0.585224
6 1 -0.387381
6 2 -0.733354
6 3 -0.164821
6 4 0.195418
6 5 -0.589009
6 6 1
6 7 -0.537036
6 8 0.0416589
6 9 0.610534
6 10 -0.339231
6 11 -0.234724
6 12 0.049439
6 13 -0.543055
6 14 -0.409186
6 15 -0.555413
6 16 -0.483195
6 17 -0.520722
6 18 0.341269
6 19 -0.33742
6 20 0.286469
6 21 -0.540327
6 22 0.075149
6 23 -0.486961
6 24 -0.186135
6 25 -0.259678
6 26 0.488463
6 27 -0.0637554
6 28 0.36683
6 29 -0.111331
6 30 -0.342534
6 31 -0.258853
6 32 -0.529847
6 33 0.583096
6 34 0.493513
6 35 -0.460732
6 36 -0.456531
6 37 0.601332
6 38 -0.485346
6 39 0.799122
6 40 0.270006
6 41 -0.652191
6 42 -0.259748
6 43 -0.238374
6 44 -0.325628
6 45 -0.141825
6 46 -0.504376
6 47 0.493257
6 48 -0.0348927
6 49 0.050115
6 50 -0.388619
6 51 -0.459113
6 52 -0.18629
6 53 -0.26936
6 54 -0.646941
6 55 -0.116635
6 56 -0.46169
6 57 0.670764
6 58 -0.233569
6 59 -0.434357
6 60 0.314801
6 61 -0.289103
6 62 -0.504931
6 63 -0.538532
6 64 -0.544946
6 65 -0.545303
6 66 -0.600678
6 67 -0.396311
6 68 0.267366
6 69 0.358592
6 70 0.665349
6 71 0.424202
6 72 -0.232794
6 73 0.75606
6 74 -0.325981
6 75 -0.419003
6 76 0.317445
6 77 -0.408012
6 78 -0.289102
6 79 0.695709
6 80 0.213641
6 81 0.472779
6 82 -0.414008
6 83 0.102589
6 84 -0.34597
6 85 -0.528786
6 86 0.0105745
6 87 -0.0259677
6 88 0.00682731
6 89 -0.617906
6 90 0.805183
6 91 -0.361685
6 92 -0.588661
6 93 -0.323892
6 94 -0.39862
6 95 -0.468555
6 96 0.581548
6 97 -0.390717
6 98 0.705079
6 99 0.849592
7 0 0.754179
7 1 0.595422
7 2 0.721961
7 3 0.229285
7 4 -0.250359
7 5 0.811651
7 6 -0.537036
7 7 1
7 8 0.303892
7 9 -0.68883
7 10 0.678487
7 11 0.434108
7 12 0.404375
7 13 0.73706
7 14 0.678518
7 15 0.847602
7 16 0.797976
7 17 0.841062
7 18 -0.063799
7 19 0.606427
7 20 0.307476
7 21 0.764125
7 22 0.27771
7 23 0.690586
7 24 0.379634
7 25 0.191113
7 26 -0.0882255
7 27 0.322349
7 28 -0.0472884
7 29 0.602853
7 30 0.706159
7 31 0.454652
7 32 0.651907
7 33 -0.604785
7 34 -0.810584
7 35 0.72458
7 36 0.680547
7 37 -0.516661
7 38 0.750797
7 39 -0.719724
7 40 -0.361312
7 41 0.852062
7 42 0.526317
7 43 0.412069
7 44 0.587124
7 45 0.472171
7 46 0.714278
7 47 -0.615292
7 48 0.461542
7 49 0.127467
7 50 0.714105
7 51 0.68404
7 52 0.438203
7 53 0.492514
7 54 0.768081
7 55 0.340513
7 56 0.733968
7 57 -0.0992019
7 58 0.310498
7 59 0.764973
7 60 0.228151
7 61 0.73059
7 62 0.697043
7 63 0.780083
7 64 0.838688
7 65 0.856531
7 66 0.852356
7 67 0.821672
7 68 0.163235
7 69 -0.374484
7 70 -0.677981
7 71 -0.0101211
7 72 0.408942
7 73 -0.359364
7 74 0.654027
7 75 0.682056
7 76 -0.184412
7 77 0.679663
7 78 0.413749
7 79 -0.662208
7 80 0.24265
7 81 -0.0892459
7 82 0.604403
7 83 0.208214
7 84 0.81171
7 85 0.492567
7 86 0.33167
7 87 0.0289279
7 88 0.0973108
7 89 0.815258
7 90 -0.800985
7 91 0.700095
7 92 0.843927
7 93 0.777685
7 94 0.587946
7 95 0.21598
7 96 -0.60905
7 97 0.53681
7 98 -0.475402
7 99 -0.742946
8 0 0.591041
8 1 0.703661
8 2 0.47758
8 3 0.770149
8 4 -0.451283
8 5 0.618768
8 6 0.0416589
8 7 0.303892
8 8 1
8 9 -0.183727
8 10 0.833009
8 11 0.392509
8 12 0.389623
8 13 0.667316
8 14 0.595793
8 15 0.544235
8 16 0.513813
8 17 0.493727
8 18 0.707122
8 19 0.783213
8 20 0.533279
8 21 0.552767
8 22 0.890478
8 23 0.383091
8 24 0.80941
8 25 -0.198787
8 26 0.686623
8 27 0.763692
8 28 0.779812
8 29 0.860269
8 30 0.553763
8 31 0.840677
8 32 0.550853
8 33 -0.626398
8 34 -0.452223
8 35 0.650315
8 36 0.634597
8 37 0.560341
8 38 0.629
8 39 -0.0637757
8 40 0.634303
8 41 0.382132
8 42 0.234768
8 43 0.614371
8 44 0.788956
8 45 0.462434
8 46 0.538503
8 47 -0.701005
8 48 0.58385
8 49 0.8422
8 50 0.40495
8 51 0.626119
8 52 0.862978
8 53 0.439574
8 54 0.432639
8 55 0.775964
8 56 0.76736
8 57 0.462064
8 58 0.599125
8 59 0.184698
8 60 0.583618
8 61 0.160487
8 62 0.363413
8 63 0.618378
8 64 0.309707
8 65 0.496405
8 66 0.220362
8 67 0.249714
8 68 0.612924
8 69 -0.591704
8 70 -0.470728
8 71 0.669505
8 72 0.687026
8 73 0.0470251
8 74 0.758853
8 75 0.76381
8 76 0.325637
8 77 0.647469
8 78 0.172999
8 79 0.0715779
8 80 0.526612
8 81 0.597833
8 82 0.559149
8 83 0.742638
8 84 0.485614
8 85 0.231426
8 86 0.649096
8 87 0.408711
8 88 0.707226
8 89 0.60067
8 90 0.11841
8 91 0.608798
8 92 0.545296
8 93 0.244778
8 94 0.789016
8 95 -0.230328
8 96 -0.319238
8 97 0.778503
8 98 -0.332691
8 99 -0.21522
9 0 -0.641479
9 1 -0.595617
9 2 -0.578074
9 3 -0.320335
9 4 0.542968
9 5 -0.754674
9 6 0.610534
9 7 -0.68883
9 8 -0.183727
9 9 1
9 10 -0.530044
9 11 -0.666922
9 12 -0.138401
9 13 -0.663594
9 14 -0.76712
9 15 -0.713688
9 16 -0.784482
9 17 -0.717553
9 18 0.348144
9 19 -0.424808
9 20 -0.115089
9 21 -0.79589
9 22 -0.0898248
9 23 -0.720991
9 24 -0.396332
9 25 -0.221218
9 26 0.156676
9 27 -0.408052
9 28 0.136592
9 29 -0.44548
9 30 -0.629437
9 31 -0.46111
9 32 -0.688866
9 33 0.616444
9 34 0.579416
9 35 -0.617304
9 36 -0.581607
9 37 0.437647
9 38 -0.642212
9 39 0.650119
9 40 0.242556
9 41 -0.874361
9 42 -0.386565
9 43 -0.587557
9 44 -0.594881
9 45 -0.636208
9 46 -0.543622
9 47 0.692065
9 48 -0.0853324
9 49 -0.113758
9 50 -0.73829
9 51 -0.623398
9 52 -0.461364
9 53 -0.740051
9 54 -0.855886
9 55 -0.470692
9 56 -0.605371
9 57 0.443117
9 58 -0.469015
9 59 -0.833764
9 60 0.209286
9 61 -0.683453
9 62 -0.580156
9 63 -0.567137
9 64 -0.710595
9 65 -0.687565
9 66 -0.81988
9 67 -0.73425
9 68 -0.00244086
9 69 0.508
9 70 0.579097
9 71 0.258
9 72 -0.388121
9 73 0.277936
9 74 -0.673023
9 75 -0.628637
9 76 -0.00513189
9 77 -0.733037
9 78 -0.245737
9 79 0.708056
9 80 0.2459
9 81 0.110477
9 82 -0.596812
9 83 -0.112049
9 84 -0.758312
9 85 -0.229788
9 86 -0.140552
9 87 -0.0265833
9 88 -0.003953
9 89 -0.642812
9 90 0.621051
9 91 -0.611164
9 92 -0.785883
9 93 -0.392415
9 94 -0.585051
9 95 -0.51118
9 96 0.745545
9 97 -0.587548
9 98 0.522904
9 99 0.765155
10 0 0.836073
10 1 0.827012
10 2 0.726393
10 3 0.713812
10 4 -0.504405
10 5 0.896245
10 6 -0.339231
10 7 0.678487
10 8 0.833009
10 9 -0.530044
10 10 1
10 11 0.541621
10 12 0.479298
10 13 0.899312
10 14 0.812079
10 15 0.841791
10 16 0.808719
10 17 0.792717
10 18 0.460118
10 19 0.900165
10 20 0.486827
10 21 0.81635
10 22 0.795587
10 23 0.64538
10 24 0.808492
10 25 -0.0658269
10 26 0.416717
10 27 0.741599
10 28 0.529762
10 29 0.92886
10 30 0.788189
10 31 0.885826
10 32 0.766676
10 33 -0.805135
10 34 -0.774618
10 35 0.850692
10 36 0.859874
10 37 0.0813089
10 38 0.849555
10 39 -0.450669
10 40 0.285883
10 41 0.731128
10 42 0.398043
10 43 0.671006
10 44 0.880169
10 45 0.562386
10 46 0.781151
10 47 -0.871471
10 48 0.62077
10 49 0.683391
10 50 0.672875
10 51 0.84502
10 52 0.885205
10 53 0.591424
10 54 0.786639
10 55 0.781899
10 56 0.956801
10 57 0.195981
10 58 0.644421
10 59 0.511418
10 60 0.501344
10 61 0.460169
10 62 0.646797
10 63 0.85905
10 64 0.678203
10 65 0.824989
10 66 0.58519
10 67 0.571722
10 68 0.527283
10 69 -0.637744
10 70 -0.724233
10 71 0.485533
10 72 0.736744
10 73 -0.209177
10 74 0.918465
10 75 0.930391
10 76 0.161969
10 77 0.844906
10 78 0.344075
10 79 -0.334667
10 80 0.449608
10 81 0.38258
10 82 0.73292
10 83 0.692628
10 84 0.749526
10 85 0.48598
10 86 0.626577
10 87 0.292903
10 88 0.543615
10 89 0.876491
10 90 -0.338508
10 91 0.844578
10 92 0.851805
10 93 0.518588
10 94 0.906204
10 95 -0.041129
10 96 -0.60592
10 97 0.873826
10 98 -0.497781
10 99 -0.606952
11 0 0.643938
11 1 0.762946
11 2 0.312606
11 3 0.663739
11 4 -0.695019
11 5 0.587003
11 6 -0.234724
11 7 0.434108
11 8 0.392509
11 9 -0.666922
11 10 0.541621
11 11 1
11 12 0.419278
11 13 0.686976
11 14 0.868335
11 15 0.665129
11 16 0.765117
11 17 0.68316
11 18 -0.0428765
11 19 0.363326
11 20 0.319122
11 21 0.771795
11 22 0.268957
11 23 0.747941
11 24 0.657736
11 25 0.202158
11 26 0.34962
11 27 0.568897
11 28 0.24952
11 29 0.568286
11 30 0.652586
11 31 0.541507
11 32 0.838256
11 33 -0.51534
11 34 -0.448788
11 35 0.548532
11 36 0.679239
11 37 0.0771546
11 38 0.576587
11 39 -0.129694
11 40 0.186712
11 41 0.732463
11 42 0.574166
11 43 0.864035
11 44 0.741946
11 45 0.917122
11 46 0.501006
11 47 -0.611428
11 48 0.215206
11 49 0.396877
11 50 0.762145
11 51 0.760592
11 52 0.634195
11 53 0.887323
11 54 0.735459
11 55 0.67977
11 56 0.622012
11 57 0.0258976
11 58 0.6283
11 59 0.706599
11 60 0.124383
11 61 0.688179
11 62 0.633483
11 63 0.565692
11 64 0.610899
11 65 0.574284
11 66 0.646966
11 67 0.567691
11 68 0.138604
11 69 -0.572017
11 70 -0.249684
11 71 -0.0163764
11 72 0.673853
11 73 0.0597685
11 74 0.776435
11 75 0.685057
11 76 0.478451
11 77 0.789775
11 78 0.308084
11 79 -0.531866
11 80 -0.0921809
11 81 0.276172
11 82 0.767702
11 83 0.401319
11 84 0.753604
11 85 -0.0206296
11 86 0.548566
11 87 0.320291
11 88 0.543954
11 89 0.518946
11 90 -0.140267
11 91 0.629719
11 92 0.702653
11 93 0.399467
11 94 0.663604
11 95 0.301791
11 96 -0.560062
11 97 0.713801
11 98 -0.555477
11 99 -0.473014
12 0 0.395117
12 1 0.396337
12 2 0.131509
12 3 0.41826
12 4 -0.279638
12 5 0.380703
12 6 0.049439
12 7 0.404375
12 8 0.389623
12 9 -0.138401
12 10 0.479298
12 11 0.419278
12 12 1
12 13 0.448077
12 14 0.499283
12 15 0.601043
12 16 0.60287
12 17 0.637008
12 18 0.307585
12 19 0.302605
12 20 0.496706
12 21 0.485714
12 22 0.373888
12 23 0.422258
12 24 0.372399
12 25 -0.108372
12 26 0.513174
12 27 0.255976
12 28 0.370201
12 29 0.588613
12 30 0.660284
12 31 0.30993
12 32 0.459742
12 33 -0.0956973
12 34 -0.536934
12 35 0.577382
12 36 0.654708
12 37 0.0382568
12 38 0.57364
12 39 -0.0303382
12 40 -0.0842177
12 41 0.379805
12 42 0.568632
12 43 0.362571
12 44 0.442992
12 45 0.531459
12 46 0.7126
12 47 -0.224549
12 48 0.752458
12 49 0.290395
12 50 0.55847
12 51 0.614548
12 52 0.34653
12 53 0.453345
12 54 0.333077
12 55 0.445414
12 56 0.446233
12 57 0.529076
12 58 0.347794
12 59 0.462478
12 60 0.754677
12 61 0.609593
12 62 0.590469
12 63 0.578584
12 64 0.617469
12 65 0.564805
12 66 0.386472
12 67 0.491905
12 68 0.687552
12 69 -0.0240192
12 70 -0.0602042
12 71 0.479797
12 72 0.494398
12 73 0.209022
12 74 0.550297
12 75 0.450004
12 76 0.37229
12 77 0.565346
12 78 0.609874
12 79 -0.24366
12 80 0.595961
12 81 0.340276
12 82 0.411088
12 83 0.622833
12 84 0.586111
12 85 0.237083
12 86 0.772591
12 87 0.142664
12 88 0.319859
12 89 0.494329
12 90 -0.0934997
12 91 0.655441
12 92 0.50609
12 93 0.731522
12 94 0.329075
12 95 -0.41051
12 96 0.0759419
12 97 0.305463
12 98 -0.155894
12 99 -0.294593
13 0 0.965627
13 1 0.85925
13 2 0.79102
13 3 0.776347
13 4 -0.481616
13 5 0.907187
13 6 -0.543055
13 7 0.73706
13 8 0.667316
13 9 -0.663594
13 10 0.899312
13 11 0.686976
13 12 0.448077
13 13 1
13 14 0.897582
13 15 0.900911
13 16 0.894789
13 17 0.889073
13 18 0.26549
13 19 0.761691
13 20 0.402069
13 21 0.899466
13 22 0.567449
13 23 0.83654
13 24 0.76089
13 25 0.198778
13 26 0.188198
13 27 0.606235
13 28 0.330458
13 29 0.834317
13 30 0.846722
13 31 0.765549
13 32 0.884234
13 33 -0.880424
13 34 -0.728642
13 35 0.813959
13 36 0.939069
13 37 -0.0825888
13 38 0.824085
13 39 -0.535812
13 40 0.208747
13 41 0.878676
13 42 0.61889
13 43 0.726681
13 44 0.862045
13 45 0.643549
13 46 0.849439
13 47 -0.859867
13 48 0.548019
13 49 0.501007
13 50 0.807541
13 51 0.948925
13 52 0.798998
13 53 0.647814
13 54 0.880733
13 55 0.678093
13 56 0.947296
13 57 -0.0692863
13 58 0.595158
13 59 0.638915
13 60 0.352838
13 61 0.635211
13 62 0.835507
13 63 0.940533
13 64 0.81266
13 65 0.881835
13 66 0.716539
13 67 0.69767
13 68 0.316339
13 69 -0.626786
13 70 -0.715251
13 71 0.154262
13 72 0.721011
13 73 -0.401245
13 74 0.899656
13 75 0.924277
13 76 0.165313
13 77 0.880406
13 78 0.371769
13 79 -0.619455
13 80 0.265619
13 81 0.151175
13 82 0.863933
13 83 0.554385
13 84 0.837476
13 85 0.575249
13 86 0.610022
13 87 0.43249
13 88 0.557627
13 89 0.932488
13 90 -0.494992
13 91 0.896309
13 92 0.941647
13 93 0.550535
13 94 0.882686
13 95 0.257645
13 96 -0.712826
13 97 0.874249
13 98 -0.705585
13 99 -0.7452
14 0 0.865752
14 1 0.873642
14 2 0.651794
14 3 0.730359
14 4 -0.711439
14 5 0.86107
14 6 -0.409186
14 7 0.678518
14 8 0.595793
14 9 -0.76712
14 10 0.812079
14 11 0.868335
14 12 0.499283
14 13 0.897582
14 14 1
14 15 0.898584
14 16 0.905518
14 17 0.872237
14 18 0.114434
14 19 0.661014
14 20 0.43024
14 21 0.940279
14 22 0.510861
14 23 0.839846
14 24 0.801832
14 25 0.0796627
14 26 0.339503
14 27 0.718218
14 28 0.359048
14 29 0.818933
14 30 0.805179
14 31 0.776652
14 32 0.932105
14 33 -0.772249
14 34 -0.709926
14 35 0.806982
14 36 0.889044
14 37 -0.0384216
14 38 0.820013
14 39 -0.414024
14 40 0.147136
14 41 0.891587
14 42 0.594985
14 43 0.88304
14 44 0.906525
14 45 0.855297
14 46 0.748555
14 47 -0.856989
14 48 0.415747
14 49 0.551424
14 50 0.838109
14 51 0.928319
14 52 0.81655
14 53 0.869679
14 54 0.894648
14 55 0.804752
14 56 0.869497
14 57 -0.00239381
14 58 0.714204
14 59 0.741424
14 60 0.281953
14 61 0.724565
14 62 0.765952
14 63 0.812883
14 64 0.774885
14 65 0.799226
14 66 0.767142
14 67 0.690597
14 68 0.310699
14 69 -0.686692
14 70 -0.575932
14 71 0.147501
14 72 0.774343
14 73 -0.112507
14 74 0.940876
14 75 0.895602
14 76 0.276669
14 77 0.959194
14 78 0.405922
14 79 -0.587408
14 80 0.116898
14 81 0.289556
14 82 0.83635
14 83 0.527603
14 84 0.8893
14 85 0.277715
14 86 0.640518
14 87 0.342486
14 88 0.549685
14 89 0.804811
14 90 -0.367574
14 91 0.860632
14 92 0.920902
14 93 0.54934
14 94 0.874633
14 95 0.250902
14 96 -0.685802
14 97 0.875013
14 98 -0.657096
14 99 -0.694677
15 0 0.882789
15 1 0.825586
15 2 0.781532
15 3 0.57946
15 4 -0.585925
15 5 0.910339
15 6 -0.555413
15 7 0.847602
15 8 0.544235
15 9 -0.713688
15 10 0.841791
15 11 0.665129
15 12 0.601043
15 13 0.900911
15 14 0.898584
15 15 1
15 16 0.925002
15 17 0.955783
15 18 0.112269
15 19 0.730425
15 20 0.36074
15 21 0.939402
15 22 0.486425
15 23 0.781696
15 24 0.689005
15 25 0.022878
15 26 0.225256
15 27 0.589128
15 28 0.253961
15 29 0.796717
15 30 0.819903
15 31 0.726687
15 32 0.902304
15 33 -0.737622
15 34 -0.864176
15 35 0.924792
15 36 0.910527
15 37 -0.243701
15 38 0.937103
15 39 -0.633597
15 40 -0.0769695
15 41 0.918901
15 42 0.622958
15 43 0.728413
15 44 0.842947
15 45 0.716829
15 46 0.885133
15 47 -0.8065
15 48 0.568432
15 49 0.466003
15 50 0.802493
15 51 0.921022
15 52 0.70657
15 53 0.738303
15 54 0.877155
15 55 0.670129
15 56 0.889485
15 57 0.0234811
15 58 0.62598
15 59 0.779897
15 60 0.389662
15 61 0.747594
15 62 0.817519
15 63 0.922948
15 64 0.885043
15 65 0.915017
15 66 0.860176
15 67 0.751203
15 68 0.345249
15 69 -0.586875
15 70 -0.690196
15 71 0.180709
15 72 0.740336
15 73 -0.268433
15 74 0.894631
15 75 0.879407
15 76 0.0703762
15 77 0.922281
15 78 0.542709
15 79 -0.632771
15 80 0.270253
15 81 0.172651
15 82 0.750829
15 83 0.462361
15 84 0.888767
15 85 0.431226
15 86 0.65023
15 87 0.183743
15 88 0.436646
15 89 0.928832
15 90 -0.603848
15 91 0.879233
15 92 0.965198
15 93 0.78709
15 94 0.82478
15 95 0.0887221
15 96 -0.6104
15 97 0.785873
15 98 -0.680332
15 99 -0.825079
16 0 0.856829
16 1 0.829873
16 2 0.63326
16 3 0.639328
16 4 -0.504143
16 5 0.884896
16 6 -0.483195
16 7 0.797976
16 8 0.513813
16 9 -0.784482
16 10 0.808719
16 11 0.765117
16 12 0.60287
16 13 0.894789
16 14 0.905518
16 15 0.925002
16 16 1
16 17 0.956196
16 18 0.0161458
16 19 0.5915
16 20 0.413137
16 21 0.926175
16 22 0.377945
16 23 0.88452
16 24 0.601103
16 25 0.250327
16 26 0.181508
16 27 0.491591
16 28 0.152667
16 29 0.767221
16 30 0.92207
16 31 0.618051
16 32 0.866672
16 33 -0.650105
16 34 -0.746011
16 35 0.834284
16 36 0.90526
16 37 -0.218405
16 38 0.850893
16 39 -0.526916
16 40 -0.0261291
16 41 0.934506
16 42 0.695412
16 43 0.684023
16 44 0.801759
16 45 0.755811
16 46 0.86993
16 47 -0.733438
16 48 0.568254
16 49 0.346617
16 50 0.940295
16 51 0.924168
16 52 0.648104
16 53 0.782925
16 54 0.899694
16 55 0.630669
16 56 0.84646
16 57 -0.0277167
16 58 0.536697
16 59 0.870896
16 60 0.303984
16 61 0.836728
16 62 0.879064
16 63 0.875563
16 64 0.936138
16 65 0.920713
16 66 0.856018
16 67 0.877206
16 68 0.396392
16 69 -0.449965
16 70 -0.552547
16 71 0.118226
16 72 0.63702
16 73 -0.226926
16 74 0.894947
16 75 0.827982
16 76 0.2511
16 77 0.904727
16 78 0.508661
16 79 -0.705242
16 80 0.216745
16 81 0.110634
16 82 0.804619
16 83 0.545853
16 84 0.942594
16 85 0.453723
16 86 0.594342
16 87 0.27755
16 88 0.347097
16 89 0.890487
16 90 -0.526473
16 91 0.905881
16 92 0.957252
16 93 0.681912
16 94 0.735098
16 95 0.168325
16 96 -0.604137
16 97 0.726819
16 98 -0.543658
16 99 -0.738144
17 0 0.86656
17 1 0.801697
17 2 0.706845
17 3 0.600356
17 4 -0.481912
17 5 0.870087
17 6 -0.520722
17 7 0.841062
17 8 0.493727
17 9 -0.717553
17 10 0.792717
17 11 0.68316
17 12 0.637008
17 13 0.889073
17 14 0.872237
17 15 0.955783
17 16 0.956196
17 17 1
17 18 0.0526594
17 19 0.607768
17 20 0.418872
17 21 0.920734
17 22 0.38049
17 23 0.846886
17 24 0.587954
17 25 0.168002
17 26 0.166507
17 27 0.447534
17 28 0.161776
17 29 0.749263
17 30 0.902015
17 31 0.60966
17 32 0.864737
17 33 -0.656117
17 34 -0.775661
17 35 0.86834
17 36 0.907206
17 37 -0.262637
17 38 0.876304
17 39 -0.587333
17 40 -0.0863818
17 41 0.927187
17 42 0.742588
17 43 0.651786
17 44 0.768007
17 45 0.696371
17 46 0.908493
17 47 -0.706292
17 48 0.644369
17 49 0.335334
17 50 0.888407
17 51 0.925925
17 52 0.615582
17 53 0.726018
17 54 0.858237
17 55 0.596084
17 56 0.83078
17 57 -0.0037256
17 58 0.536274
17 59 0.830881
17 60 0.380515
17 61 0.823103
17 62 0.89155
17 63 0.910849
17 64 0.940264
17 65 0.918869
17 66 0.883997
17 67 0.851744
17 68 0.403382
17 69 -0.436834
17 70 -0.584976
17 71 0.119856
17 72 0.647109
17 73 -0.265431
17 74 0.848389
17 75 0.810141
17 76 0.136608
17 77 0.89658
17 78 0.546974
17 79 -0.684342
17 80 0.277091
17 81 0.0780919
17 82 0.764975
17 83 0.507443
17 84 0.929095
17 85 0.500187
17 86 0.624138
17 87 0.259175
17 88 0.364046
17 89 0.909207
17 90 -0.576685
17 91 0.907845
17 92 0.953212
17 93 0.768994
17 94 0.722512
17 95 0.130567
17 96 -0.54505
17 97 0.69551
17 98 -0.595042
17 99 -0.779024
18 0 0.178651
18 1 0.173224
18 2 0.101339
18 3 0.46068
18 4 -0.104612
18 5 0.108549
18 6 0.341269
18 7 -0.063799
18 8 0.707122
18 9 0.348144
18 10 0.460118
18 11 -0.0428765
18 12 0.307585
18 13 0.26549
18 14 0.114434
18 15 0.112269
18 16 0.0161458
18 17 0.0526594
18 18 1
18 19 0.512437
18 20 0.432691
18 21 0.0474991
18 22 0.812251
18 23 -0.10866
18 24 0.512606
18 25 -0.437082
18 26 0.618866
18 27 0.469492
18 28 0.844894
18 29 0.533105
18 30 0.164665
18 31 0.495244
18 32 0.0669734
18 33 -0.299894
18 34 -0.152534
18 35 0.221841
18 36 0.27821
18 37 0.610017
18 38 0.181482
18 39 0.223149
18 40 0.569205
18 41 -0.141489
18 42 0.0165731
18 43 0.192855
18 44 0.326275
18 45 0.0321335
18 46 0.245967
18 47 -0.264333
18 48 0.504039
18 49 0.628536
18 50 -0.105769
18 51 0.208142
18 52 0.538619
18 53 -0.0669067
18 54 -0.0850578
18 55 0.429551
18 56 0.356078
18 57 0.597611
18 58 0.317057
18 59 -0.328391
18 60 0.729877
18 61 -0.204321
18 62 -0.0159972
18 63 0.272258
18 64 -0.10206
18 65 0.0681817
18 66 -0.279296
18 67 -0.191324
18 68 0.571308
18 69 -0.236564
18 70 -0.169094
18 71 0.719949
18 72 0.419281
18 73 0.101924
18 74 0.297772
18 75 0.35346
18 76 0.214794
18 77 0.182557
18 78 -0.16713
18 79 0.476478
18 80 0.625458
18 81 0.629134
18 82 0.149803
18 83 0.546151
18 84 0.0277628
18 85 0.176683
18 86 0.478726
18 87 0.264145
18 88 0.543432
18 89 0.164062
18 90 0.372688
18 91 0.266877
18 92 0.0537831
18 93 0.0567233
18 94 0.391213
18 95 -0.381146
18 96 0.084803
18 97 0.355176
18 98 -0.0467271
18 99 0.16445
19 0 0.704341
19 1 0.67344
19 2 0.739755
19 3 0.538022
19 4 -0.508813
19 5 0.798384
19 6 -0.33742
19 7 0.606427
19 8 0.783213
19 9 -0.424808
19 10 0.900165
19 11 0.363326
19 12 0.302605
19 13 0.761691
19 14 0.661014
19 15 0.730425
19 16 0.5915
19 17 0.607768
19 18 0.512437
19 19 1
19 20 0.297345
19 21 0.69002
19 22 0.838816
19 23 0.391583
19 24 0.811658
19 25 -0.273773
19 26 0.377297
19 27 0.766064
19 28 0.552444
19 29 0.826424
19 30 0.535739
19 31 0.880714
19 32 0.634046
19 33 -0.815267
19 34 -0.777669
19 35 0.762964
19 36 0.667327
19 37 0.0783256
19 38 0.771544
19 39 -0.493805
19 40 0.223413
19 41 0.585203
19 42 0.110714
19 43 0.600939
19 44 0.804668
19 45 0.422332
19 46 0.596921
19 47 -0.863639
19 48 0.44635
19 49 0.699685
19 50 0.396228
19 51 0.64964
19 52 0.838105
19 53 0.421648
19 54 0.654431
19 55 0.713935
19 56 0.872781
19 57 0.204007
19 58 0.61808
19 59 0.328025
19 60 0.425832
19 61 0.227394
19 62 0.398543
19 63 0.738864
19 64 0.443238
19 65 0.684459
19 66 0.457998
19 67 0.310444
19 68 0.329129
19 69 -0.757862
19 70 -0.84722
19 71 0.457715
19 72 0.688406
19 73 -0.258918
19 74 0.789361
19 75 0.872765
19 76 -0.112726
19 77 0.685293
19 78 0.169462
19 79 -0.186062
19 80 0.436554
19 81 0.36271
19 82 0.583359
19 83 0.461092
19 84 0.53767
19 85 0.349024
19 86 0.486547
19 87 0.0704242
19 88 0.519106
19 89 0.757221
19 90 -0.364256
19 91 0.630613
19 92 0.709951
19 93 0.448767
19 94 0.887232
19 95 -0.0721455
19 96 -0.640506
19 97 0.853667
19 98 -0.54148
19 99 -0.603159
20 0 0.364288
20 1 0.344271
20 2 0.110081
20 3 0.408372
20 4 -0.139538
20 5 0.322046
20 6 0.286469
20 7 0.307476
20 8 0.533279
20 9 -0.115089
20 10 0.486827
20 11 0.319122
20 12 0.496706
20 13 0.402069
20 14 0.43024
20 15 0.36074
20 16 0.413137
20 17 0.418872
20 18 0.432691
20 19 0.297345
20 20 1
20 21 0.357821
20 22 0.48796
20 23 0.375153
20 24 0.378394
20 25 -0.0655066
20 26 0.497229
20 27 0.332067
20 28 0.479602
20 29 0.633937
20 30 0.530661
20 31 0.395676
20 32 0.295032
20 33 -0.182263
20 34 -0.244101
20 35 0.293069
20 36 0.441352
20 37 0.295963
20 38 0.271948
20 39 0.20503
20 40 0.229937
20 41 0.236765
20 42 0.463107
20 43 0.29369
20 44 0.399941
20 45 0.425946
20 46 0.435359
20 47 -0.277908
20 48 0.574093
20 49 0.349267
20 50 0.439926
20 51 0.437485
20 52 0.456657
20 53 0.329454
20 54 0.22963
20 55 0.484139
20 56 0.449544
20 57 0.483436
20 58 0.270933
20 59 0.239239
20 60 0.58012
20 61 0.377857
20 62 0.336071
20 63 0.351546
20 64 0.362694
20 65 0.2993
20 66 0.171072
20 67 0.431465
20 68 0.606415
20 69 -0.0514685
20 70 0.0165205
20 71 0.431925
20 72 0.324004
20 73 0.252827
20 74 0.436287
20 75 0.357084
20 76 0.487907
20 77 0.45212
20 78 0.101186
20 79 -0.0236109
20 80 0.547052
20 81 0.49378
20 82 0.449525
20 83 0.585578
20 84 0.52443
20 85 0.253473
20 86 0.467027
20 87 0.302072
20 88 0.271741
20 89 0.329149
20 90 0.155144
20 91 0.598506
20 92 0.365068
20 93 0.302853
20 94 0.357729
20 95 -0.0969926
20 96 -0.0987349
20 97 0.301821
20 98 0.087932
20 99 0.0633424
21 0 0.868404
21 1 0.857463
21 2 0.721576
21 3 0.641283
21 4 -0.642627
21 5 0.918155
21 6 -0.540327
21 7 0.764125
21 8 0.552767
21 9 -0.79589
21 10 0.81635
21 11 0.771795
21 12 0.485714
21 13 0.899466
21 14 0.940279
21 15 0.939402
21 16 0.926175
21 17 0.920734
21 18 0.0474991
21 19 0.69002
21 20 0.357821
21 21 1
21 22 0.461372
21 23 0.822247
21 24 0.718039
21 25 0.0912465
21 26 0.227059
21 27 0.630955
21 28 0.237874
21 29 0.769124
21 30 0.81262
21 31 0.740124
21 32 0.922889
21 33 -0.764278
21 34 -0.771255
21 35 0.873953
21 36 0.879061
21 37 -0.150347
21 38 0.891758
21 39 -0.558779
21 40 0.0324155
21 41 0.926957
21 42 0.579234
21 43 0.799079
21 44 0.874781
21 45 0.777778
21 46 0.806214
21 47 -0.8523
21 48 0.495543
21 49 0.484946
21 50 0.825673
21 51 0.909504
21 52 0.746918
21 53 0.792729
21 54 0.9049
21 55 0.748495
21 56 0.880035
21 57 -0.0471476
21 58 0.683341
21 59 0.791868
21 60 0.261277
21 61 0.721415
21 62 0.77668
21 63 0.839041
21 64 0.829843
21 65 0.84854
21 66 0.848776
21 67 0.744847
21 68 0.287089
21 69 -0.65653
21 70 -0.638896
21 71 0.121162
21 72 0.753883
21 73 -0.196812
21 74 0.910089
21 75 0.866289
21 76 0.207809
21 77 0.940885
21 78 0.449646
21 79 -0.633606
21 80 0.138964
21 81 0.194267
21 82 0.775327
21 83 0.44194
21 84 0.890625
21 85 0.342613
21 86 0.527105
21 87 0.25007
21 88 0.430896
21 89 0.876444
21 90 -0.503256
21 91 0.866886
21 92 0.961765
21 93 0.649593
21 94 0.848801
21 95 0.217109
21 96 -0.670782
21 97 0.828837
21 98 -0.69029
21 99 -0.794205
22 0 0.493609
22 1 0.540146
22 2 0.4381
22 3 0.588747
22 4 -0.441728
22 5 0.542194
22 6 0.075149
22 7 0.27771
22 8 0.890478
22 9 -0.0898248
22 10 0.795587
22 11 0.268957
22 12 0.373888
22 13 0.567449
22 14 0.510861
22 15 0.486425
22 16 0.377945
22 17 0.38049
22 18 0.812251
22 19 0.838816
22 20 0.48796
22 21 0.461372
22 22 1
22 23 0.198629
22 24 0.811567
22 25 -0.442418
22 26 0.698261
22 27 0.800819
22 28 0.854807
22 29 0.819018
22 30 0.40865
22 31 0.850484
22 32 0.433995
22 33 -0.612278
22 34 -0.52999
22 35 0.57526
22 36 0.544868
22 37 0.460641
22 38 0.554187
22 39 -0.0822608
22 40 0.50975
22 41 0.259692
22 42 0.0582851
22 43 0.53162
22 44 0.714744
22 45 0.340071
22 46 0.458144
22 47 -0.685476
22 48 0.527621
22 49 0.857176
22 50 0.207182
22 51 0.502789
22 52 0.856357
22 53 0.312602
22 54 0.361223
22 55 0.766176
22 56 0.710294
22 57 0.505595
22 58 0.603613
22 59 0.0175531
22 60 0.638191
22 61 0.0236251
22 62 0.189577
22 63 0.526905
22 64 0.184041
22 65 0.403762
22 66 0.10959
22 67 0.0777535
22 68 0.579443
22 69 -0.600913
22 70 -0.52508
22 71 0.764129
22 72 0.665461
22 73 0.0646171
22 74 0.678046
22 75 0.71765
22 76 0.173333
22 77 0.561409
22 78 0.0699807
22 79 0.219132
22 80 0.581116
22 81 0.700988
22 82 0.437344
22 83 0.661114
22 84 0.356837
22 85 0.207839
22 86 0.57295
22 87 0.234073
22 88 0.616437
22 89 0.497077
22 90 0.104263
22 91 0.533179
22 92 0.447091
22 93 0.254259
22 94 0.765957
22 95 -0.289197
22 96 -0.294736
22 97 0.724548
22 98 -0.28065
22 99 -0.203802
23 0 0.854233
23 1 0.792144
23 2 0.593643
23 3 0.648318
23 4 -0.319796
23 5 0.782366
23 6 -0.486961
23 7 0.690586
23 8 0.383091
23 9 -0.720991
23 10 0.64538
23 11 0.747941
23 12 0.422258
23 13 0.83654
23 14 0.839846
23 15 0.781696
23 16 0.88452
23 17 0.846886
23 18 -0.10866
23 19 0.391583
23 20 0.375153
23 21 0.822247
23 22 0.198629
23 23 1
23 24 0.493922
23 25 0.488593
23 26 0.00891036
23 27 0.313362
23 28 -0.000133747
23 29 0.602383
23 30 0.848815
23 31 0.474246
23 32 0.808378
23 33 -0.62028
23 34 -0.52933
23 35 0.6221
23 36 0.830986
23 37 -0.197416
23 38 0.643789
23 39 -0.373589
23 40 0.0556627
23 41 0.873527
23 42 0.727267
23 43 0.605643
23 44 0.671009
23 45 0.638704
23 46 0.729348
23 47 -0.620046
23 48 0.41887
23 49 0.195595
23 50 0.897946
23 51 0.864028
23 52 0.526191
23 53 0.670305
23 54 0.833267
23 55 0.492331
23 56 0.73839
23 57 -0.208736
23 58 0.403294
23 59 0.749111
23 60 0.136023
23 61 0.781441
23 62 0.873494
23 63 0.763603
23 64 0.863081
23 65 0.791627
23 66 0.757788
23 67 0.826852
23 68 0.236857
23 69 -0.365076
23 70 -0.406084
23 71 -0.0920977
23 72 0.51921
23 73 -0.285387
23 74 0.743529
23 75 0.694095
23 76 0.294576
23 77 0.776524
23 78 0.466742
23 79 -0.780187
23 80 0.0853187
23 81 -0.0190993
23 82 0.839571
23 83 0.479162
23 84 0.837481
23 85 0.491238
23 86 0.45727
23 87 0.506323
23 88 0.341844
23 89 0.802044
23 90 -0.472737
23 91 0.795244
23 92 0.867265
23 93 0.468447
23 94 0.620037
23 95 0.355748
23 96 -0.587296
23 97 0.640416
23 98 -0.5362
23 99 -0.637878
24 0 0.713568
24 1 0.803166
24 2 0.574955
24 3 0.780259
24 4 -0.723002
24 5 0.684013
24 6 -0.186135
24 7 0.379634
24 8 0.80941
24 9 -0.396332
24 10 0.808492
24 11 0.657736
24 12 0.372399
24 13 0.76089
24 14 0.801832
24 15 0.689005
24 16 0.601103
24 17 0.587954
24 18 0.512606
24 19 0.811658
24 20 0.378394
24 21 0.718039
24 22 0.811567
24 23 0.493922
24 24 1
24 25 -0.242793
24 26 0.613195
24 27 0.88685
24 28 0.723367
24 29 0.830444
24 30 0.521547
24 31 0.919901
24 32 0.776181
24 33 -0.787663
24 34 -0.575152
24 35 0.69287
24 36 0.718919
24 37 0.353225
24 38 0.69337
24 39 -0.213259
24 40 0.497965
24 41 0.561499
24 42 0.282273
24 43 0.861606
24 44 0.910723
24 45 0.680285
24 46 0.553798
24 47 -0.843784
24 48 0.36841
24 49 0.848501
24 50 0.458481
24 51 0.752485
24 52 0.930595
24 53 0.650019
24 54 0.637003
24 55 0.87457
24 56 0.814485
24 57 0.249557
24 58 0.783457
24 59 0.303274
24 60 0.405925
24 61 0.289674
24 62 0.448595
24 63 0.679594
24 64 0.37403
24 65 0.534424
24 66 0.391587
24 67 0.23963
24 68 0.330637
24 69 -0.824725
24 70 -0.600647
24 71 0.413745
24 72 0.858432
24 73 -0.0732166
24 74 0.852782
24 75 0.877434
24 76 0.19645
24 77 0.785009
24 78 0.209927
24 79 -0.148854
24 80 0.274914
24 81 0.542804
24 82 0.684735
24 83 0.562162
24 84 0.569274
24 85 0.151704
24 86 0.691695
24 87 0.343849
24 88 0.804418
24 89 0.631101
24 90 -0.0508532
24 91 0.654669
24 92 0.664926
24 93 0.320358
24 94 0.929493
24 95 -0.00561528
24 96 -0.556669
24 97 0.9314
24 98 -0.633094
24 99 -0.459846
25 0 0.278599
25 1 0.139944
25 2 0.0522583
25 3 0.124855
25 4 0.436405
25 5 0.119787
25 6 -0.259678
25 7 0.191113
25 8 -0.198787
25 9 -0.221218
25 10 -0.0658269
25 11 0.202158
25 12 -0.108372
25 13 0.198778
25 14 0.0796627
25 15 0.022878
25 16 0.250327
25 17 0.168002
25 18 -0.437082
25 19 -0.273773
25 20 -0.0655066
25 21 0.0912465
25 22 -0.442418
25 23 0.488593
25 24 -0.242793
25 25 1
25 26 -0.494234
25 27 -0.390753
25 28 -0.579337
25 29 -0.121448
25 30 0.253157
25 31 -0.334891
25 32 0.108519
25 33 -0.0532626
25 34 0.144579
25 35 -0.144075
25 36 0.142673
25 37 -0.271965
25 38 -0.102741
25 39 -0.0730109
25 40 -0.0343791
25 41 0.278807
25 42 0.385764
25 43 -0.121249
25 44 -0.0658385
25 45 -0.00974829
25 46 0.111862
25 47 0.0941281
25 48 -0.0473842
25 49 -0.463813
25 50 0.423311
25 51 0.176516
25 52 -0.231853
25 53 -0.0364244
25 54 0.196907
25 55 -0.346161
25 56 0.0508188
25 57 -0.446416
25 58 -0.341497
25 59 0.291629
25 60 -0.335796
25 61 0.342814
25 62 0.442844
25 63 0.149361
25 64 0.339456
25 65 0.251402
25 66 0.233608
25 67 0.452916
25 68 -0.273009
25 69 0.250607
25 70 0.0665917
25 71 -0.500012
25 72 -0.275002
25 73 -0.370264
25 74 -0.0222432
25 75 -0.0460266
25 76 0.114638
25 77 -0.0534264
25 78 0.113342
25 79 -0.601665
25 80 -0.146436
25 81 -0.60193
25 82 0.315919
25 83 -0.0459618
25 84 0.196398
25 85 0.366587
25 86 -0.140658
25 87 0.381282
25 88 -0.118763
25 89 0.196028
25 90 -0.289919
25 91 0.104038
25 92 0.184923
25 93 -0.0729005
25 94 -0.136277
25 95 0.458011
25 96 -0.235294
25 97 -0.0729651
25 98 -0.0778737
25 99 -0.111219
26 0 0.109196
26 1 0.389429
26 2 -0.0672816
26 3 0.48586
26 4 -0.515366
26 5 0.153913
26 6 0.488463
26 7 -0.0882255
26 8 0.686623
26 9 0.156676
26 10 0.416717
26 11 0.34962
26 12 0.513174
26 13 0.188198
26 14 0.339503
26 15 0.225256
26 16 0.181508
26 17 0.166507
26 18 0.618866
26 19 0.377297
26 20 0.497229
26 21 0.227059
26 22 0.698261
26 23 0.00891036
26 24 0.613195
26 25 -0.494234
26 26 1
26 27 0.646658
26 28 0.840723
26 29 0.578048
26 30 0.218901
26 31 0.562866
26 32 0.294587
26 33 -0.0977389
26 34 -0.207201
26 35 0.366243
26 36 0.289091
26 37 0.683677
26 38 0.344042
26 39 0.352122
26 40 0.537509
26 41 -0.0149676
26 42 0.0660397
26 43 0.519591
26 44 0.514457
26 45 0.469338
26 46 0.180909
26 47 -0.293359
26 48 0.433625
26 49 0.773112
26 50 0.109
26 51 0.307906
26 52 0.59314
26 53 0.410142
26 54 0.0527451
26 55 0.670577
26 56 0.314928
26 57 0.78188
26 58 0.562093
26 59 -0.0145625
26 60 0.629599
26 61 0.0346009
26 62 0.028966
26 63 0.197425
26 64 -0.0198652
26 65 0.0847211
26 66 -0.0548661
26 67 -0.0768541
26 68 0.592314
26 69 -0.366317
26 70 0.0508444
26 71 0.788772
26 72 0.568599
26 73 0.577787
26 74 0.471576
26 75 0.40202
