0 WDC
1 NFLX
2 AAPL
3 SRCL
4 CTRX
5 SBAC
6 XLNX
7 NXPI
8 LMCA
9 VRTX
10 SPLS
11 MYL
12 SIAL
13 HSIC
14 CTSH
15 AMZN
16 MAR
17 MAT
18 VRSK
19 VIP
20 BRCM
21 ROST
22 WFM
23 CHKP
24 GRMN
25 ESRX
26 REGN
27 AMAT
28 CHTR
29 KLAC
30 DTV
31 AVGO
32 PCLN
33 CTXS
34 SYMC
35 DISCA
36 PAYX
37 SIRI
38 DISCK
39 FFIV
40 ORLY
41 LVNTA
42 QCOM
43 YHOO
44 VOD
45 MU
46 MDLZ
47 GMCR
48 AMGN
49 FB
50 COST
51 FISV
52 WYNN
53 ADSK
54 MSFT
55 DLTR
56 SNDK
57 FAST
58 BBBY
59 EXPE
60 EXPD
61 LLTC
62 ADP
63 GILD
64 CA
65 ILMN
66 TRIP
67 ADI
68 CHRW
69 TSCO
70 NTAP
71 VIAB
72 BIDU
73 EBAY
74 SBUX
75 CMCSA
76 NVDA
77 ADBE
78 LBTYA
79 TSLA
80 KRFT
81 MXIM
82 DISH
83 PCAR
84 TXN
85 MNST
86 BIIB
87 ATVI
88 CELG
89 GOOG
90 AKAM
91 INTC
92 INTU
93 ALXN
94 STX
95 ISRG
96 EQIX
97 CERN
98 CSCO
99 ALTR
END
0 0 1
0 1 -0.15168
0 2 -0.501529
0 3 -0.414431
0 4 -0.159518
0 5 -0.666664
0 6 0.606731
0 7 -0.192754
0 8 -0.0582398
0 9 -0.117803
0 10 -0.240177
0 11 -0.00328886
0 12 -0.554061
0 13 0.0596847
0 14 0.0258144
0 15 0.175918
0 16 -0.23724
0 17 0.0596155
0 18 -0.410938
0 19 0.37703
0 20 0.334578
0 21 0.299369
0 22 0.40445
0 23 0.403891
0 24 0.132261
0 25 0.325187
0 26 -0.00723311
0 27 0.354743
0 28 -0.618426
0 29 0.659195
0 30 -0.642485
0 31 -0.453908
0 32 0.0796544
0 33 -0.572715
0 34 -0.327325
0 35 0.36281
0 36 0.192061
0 37 -0.144036
0 38 0.385001
0 39 0.156979
0 40 -0.209884
0 41 0.252346
0 42 0.185016
0 43 -0.00164231
0 44 -0.144862
0 45 -0.532502
0 46 -0.531166
0 47 -0.207324
0 48 0.316284
0 49 -0.117422
0 50 -0.545202
0 51 -0.714665
0 52 0.0770901
0 53 -0.199719
0 54 0.395754
0 55 -0.283201
0 56 -0.266679
0 57 0.541526
0 58 0.397192
0 59 0.0669324
0 60 -0.468974
0 61 0.612361
0 62 -0.495593
0 63 -0.634045
0 64 0.198918
0 65 -0.151891
0 66 -0.10313
0 67 0.729325
0 68 -0.38217
0 69 0.292264
0 70 0.35343
0 71 -0.017281
0 72 -0.235711
0 73 0.292795
0 74 0.0893293
0 75 -0.391729
0 76 0.339009
0 77 0.127917
0 78 -0.107692
0 79 0.11499
0 80 -0.0892754
0 81 0.154809
0 82 0.059193
0 83 0.628456
0 84 0.466659
0 85 -0.215774
0 86 -0.0632079
0 87 -0.309168
0 88 -0.41853
0 89 0.0715321
0 90 0.1146
0 91 0.216287
0 92 -0.131538
0 93 -0.406949
0 94 0.945072
0 95 0.634861
0 96 -0.544907
0 97 0.172589
0 98 -0.0190825
0 99 0.466926
1 0 -0.15168
1 1 1
1 2 -0.249299
1 3 0.410098
1 4 0.774523
1 5 0.356492
1 6 0.376597
1 7 -0.249512
1 8 0.60934
1 9 0.945507
1 10 -0.190337
1 11 0.773911
1 12 -0.0366942
1 13 0.833364
1 14 0.628151
1 15 0.795547
1 16 -0.491764
1 17 -0.551384
1 18 0.829042
1 19 0.619973
1 20 0.207508
1 21 0.558782
1 22 0.351102
1 23 0.630797
1 24 -0.506461
1 25 0.6886
1 26 0.915918
1 27 0.068362
1 28 -0.0870895
1 29 0.227999
1 30 -0.115554
1 31 0.0657092
1 32 0.92042
1 33 0.591005
1 34 0.182067
1 35 0.680799
1 36 0.547454
1 37 0.914945
1 38 0.716582
1 39 0.86107
1 40 0.554926
1 41 0.661842
1 42 -0.623179
1 43 0.753631
1 44 0.485609
1 45 0.0353111
1 46 -0.290574
1 47 0.595919
1 48 0.74232
1 49 0.930066
1 50 0.255095
1 51 0.0255858
1 52 0.862936
1 53 0.908861
1 54 -0.631604
1 55 0.848966
1 56 -0.323422
1 57 -0.436809
1 58 0.51818
1 59 0.855485
1 60 -0.145787
1 61 0.355001
1 62 0.517271
1 63 0.49694
1 64 0.679826
1 65 0.942975
1 66 0.940537
1 67 -0.236226
1 68 -0.47078
1 69 0.558143
1 70 0.729919
1 71 0.844486
1 72 0.840472
1 73 0.671424
1 74 0.583166
1 75 0.341268
1 76 -0.104676
1 77 0.907132
1 78 0.470719
1 79 0.848635
1 80 -0.357399
1 81 0.307891
1 82 0.194323
1 83 0.274533
1 84 -0.232901
1 85 0.839108
1 86 0.933301
1 87 0.336458
1 88 0.827392
1 89 0.766204
1 90 0.837979
1 91 -0.7706
1 92 0.856682
1 93 0.85979
1 94 -0.270805
1 95 0.301373
1 96 0.387128
1 97 0.870991
1 98 -0.419507
1 99 0.640746
2 0 -0.501529
2 1 -0.249299
2 2 1
2 3 0.0611744
2 4 -0.170868
2 5 0.678544
2 6 -0.889818
2 7 0.731235
2 8 -0.32027
2 9 -0.32281
2 10 0.167203
2 11 -0.378581
2 12 0.873833
2 13 -0.224761
2 14 -0.324631
2 15 -0.695461
2 16 0.869168
2 17 0.408868
2 18 -0.0742595
2 19 -0.623142
2 20 0.0470486
2 21 -0.734325
2 22 -0.820897
2 23 -0.746238
2 24 0.591256
2 25 -0.730781
2 26 -0.450301
2 27 0.129854
2 28 0.953814
2 29 -0.634898
2 30 0.748222
2 31 0.812491
2 32 -0.434327
2 33 0.442086
2 34 0.528444
2 35 -0.683635
2 36 -0.427431
2 37 -0.297852
2 38 -0.576938
2 39 -0.458861
2 40 0.0757643
2 41 -0.692788
2 42 0.46057
2 43 -0.459438
2 44 -0.345256
2 45 0.868798
2 46 0.872985
2 47 0.11009
2 48 -0.660624
2 49 -0.394649
2 50 0.450789
2 51 0.715362
2 52 -0.52589
2 53 0.0108077
2 54 0.333518
2 55 -0.147303
2 56 0.911205
2 57 -0.337953
2 58 -0.797926
2 59 -0.398808
2 60 0.87562
2 61 -0.678528
2 62 0.521089
2 63 0.572376
2 64 -0.731923
2 65 -0.154597
2 66 -0.332334
2 67 -0.263966
2 68 0.830464
2 69 -0.75884
2 70 -0.592266
2 71 -0.335055
2 72 -0.0600091
2 73 -0.805513
2 74 -0.262388
2 75 0.543029
2 76 0.215427
2 77 -0.46334
2 78 -0.083044
2 79 -0.519364
2 80 0.741627
2 81 0.400163
2 82 -0.223575
2 83 -0.724593
2 84 0.0593505
2 85 -0.112921
2 86 -0.38058
2 87 0.236505
2 88 0.084145
2 89 -0.560003
2 90 -0.576238
2 91 0.440572
2 92 -0.123351
2 93 -0.0185618
2 94 -0.380962
2 95 -0.782551
2 96 0.689418
2 97 -0.628085
2 98 0.743212
2 99 -0.783113
3 0 -0.414431
3 1 0.410098
3 2 0.0611744
3 3 1
3 4 0.342822
3 5 0.141074
3 6 0.0231889
3 7 0.0643961
3 8 0.577797
3 9 0.549022
3 10 0.0524224
3 11 0.655168
3 12 0.218542
3 13 0.448079
3 14 0.301114
3 15 0.385213
3 16 -0.21882
3 17 -0.0622905
3 18 0.56177
3 19 0.296052
3 20 0.182373
3 21 0.298038
3 22 0.350903
3 23 0.172966
3 24 -0.2461
3 25 0.230349
3 26 0.444742
3 27 -0.179377
3 28 0.263139
3 29 -0.0439283
3 30 0.100128
3 31 0.0783958
3 32 0.443863
3 33 0.527457
3 34 -0.177553
3 35 0.34675
3 36 0.487602
3 37 0.493934
3 38 0.264007
3 39 0.292423
3 40 0.665973
3 41 0.335908
3 42 -0.46973
3 43 0.575368
3 44 0.585487
3 45 0.22831
3 46 -0.0617312
3 47 0.0109539
3 48 0.320697
3 49 0.526156
3 50 0.321697
3 51 0.400881
3 52 0.487608
3 53 0.370648
3 54 -0.36637
3 55 0.618403
3 56 -0.165839
3 57 -0.155956
3 58 0.274328
3 59 0.404727
3 60 -0.148649
3 61 0.00500442
3 62 0.533042
3 63 0.45368
3 64 0.486496
3 65 0.43883
3 66 0.480321
3 67 -0.428782
3 68 -0.212271
3 69 0.409353
3 70 0.212428
3 71 0.608324
3 72 0.49763
3 73 0.327668
3 74 0.374984
3 75 0.614813
3 76 -0.009017
3 77 0.356477
3 78 0.0493508
3 79 0.513249
3 80 -0.259882
3 81 -0.0559022
3 82 0.363657
3 83 0.14453
3 84 -0.0535433
3 85 0.486955
3 86 0.477679
3 87 0.256731
3 88 0.544572
3 89 0.405247
3 90 0.409662
3 91 -0.495316
3 92 0.545648
3 93 0.603725
3 94 -0.524266
3 95 -0.0106225
3 96 0.300375
3 97 0.328826
3 98 -0.451774
3 99 0.171384
4 0 -0.159518
4 1 0.774523
4 2 -0.170868
4 3 0.342822
4 4 1
4 5 0.335158
4 6 0.404431
4 7 -0.151364
4 8 0.612015
4 9 0.783614
4 10 -0.261095
4 11 0.553225
4 12 -0.0627502
4 13 0.844661
4 14 0.330535
4 15 0.686259
4 16 -0.376922
4 17 -0.0247817
4 18 0.865406
4 19 0.427053
4 20 0.427384
4 21 0.69134
4 22 0.278484
4 23 0.431964
4 24 -0.370508
4 25 0.634959
4 26 0.693557
4 27 0.373924
4 28 -0.0622009
4 29 0.403654
4 30 -0.0317772
4 31 0.207202
4 32 0.648517
4 33 0.578213
4 34 -0.0532788
4 35 0.657121
4 36 0.745454
4 37 0.699446
4 38 0.649616
4 39 0.602826
4 40 0.473732
4 41 0.723424
4 42 -0.428636
4 43 0.606051
4 44 0.308442
4 45 -0.0391814
4 46 -0.231244
4 47 0.716
4 48 0.75195
4 49 0.711861
4 50 0.0156515
4 51 0.0769659
4 52 0.708314
4 53 0.736896
4 54 -0.310268
4 55 0.734766
4 56 -0.212754
4 57 -0.365878
4 58 0.614647
4 59 0.713576
4 60 -0.107333
4 61 0.478954
4 62 0.542181
4 63 0.385585
4 64 0.539781
4 65 0.73032
4 66 0.843098
4 67 -0.0739967
4 68 -0.555412
4 69 0.596109
4 70 0.525568
4 71 0.76522
4 72 0.502776
4 73 0.508109
4 74 0.749062
4 75 0.167117
4 76 -0.342669
4 77 0.728706
4 78 0.3358
4 79 0.655505
4 80 -0.343026
4 81 0.251283
4 82 0.484288
4 83 0.321724
4 84 -0.0320873
4 85 0.767005
4 86 0.763275
4 87 0.612577
4 88 0.579343
4 89 0.801037
4 90 0.808948
4 91 -0.751642
4 92 0.85021
4 93 0.652294
4 94 -0.17109
4 95 0.367486
4 96 0.371686
4 97 0.746197
4 98 -0.421647
4 99 0.626858
5 0 -0.666664
5 1 0.356492
5 2 0.678544
5 3 0.141074
5 4 0.335158
5 5 1
5 6 -0.609362
5 7 0.496007
5 8 0.0112522
5 9 0.209099
5 10 0.163066
5 11 -0.0344889
5 12 0.759898
5 13 0.229771
5 14 0.0776169
5 15 -0.185491
5 16 0.474361
5 17 0.0313536
5 18 0.46785
5 19 -0.267333
5 20 -0.118185
5 21 -0.31631
5 22 -0.678608
5 23 -0.290073
5 24 0.128499
5 25 -0.297618
5 26 0.104577
5 27 0.0674112
5 28 0.745685
5 29 -0.542134
5 30 0.783357
5 31 0.844777
5 32 0.0734124
5 33 0.718196
5 34 0.70395
5 35 -0.334712
5 36 -0.15306
5 37 0.274799
5 38 -0.247543
5 39 0.0233401
5 40 0.323489
5 41 -0.264122
5 42 0.103364
5 43 -0.0175174
5 44 -0.0076268
5 45 0.786939
5 46 0.717756
5 47 0.615986
5 48 -0.195284
5 49 0.153669
5 50 0.53832
5 51 0.747109
5 52 -0.0117794
5 53 0.523017
5 54 -0.189046
5 55 0.325675
5 56 0.618355
5 57 -0.685241
5 58 -0.434549
5 59 0.107751
5 60 0.795037
5 61 -0.472299
5 62 0.760549
5 63 0.825847
5 64 -0.286836
5 65 0.415545
5 66 0.237847
5 67 -0.464931
5 68 0.503732
5 69 -0.4249
5 70 -0.224685
5 71 0.114899
5 72 0.389192
5 73 -0.356587
5 74 -0.00925029
5 75 0.497596
5 76 -0.125797
5 77 0.0541928
5 78 0.243845
5 79 -0.0804481
5 80 0.403704
5 81 0.380616
5 82 0.0197352
5 83 -0.637992
5 84 -0.246492
5 85 0.457425
5 86 0.185275
5 87 0.488568
5 88 0.570859
5 89 -0.0663738
5 90 -0.030121
5 91 -0.110858
5 92 0.288123
5 93 0.477285
5 94 -0.6311
5 95 -0.555327
5 96 0.892174
5 97 -0.0776077
5 98 0.406668
5 99 -0.357995
6 0 0.606731
6 1 0.376597
6 2 -0.889818
6 3 0.0231889
6 4 0.404431
6 5 -0.609362
6 6 1
6 7 -0.573427
6 8 0.443393
6 9 0.448856
6 10 -0.410419
6 11 0.442939
6 12 -0.787623
6 13 0.492078
6 14 0.264431
6 15 0.79144
6 16 -0.782712
6 17 -0.212992
6 18 0.204979
6 19 0.692067
6 20 0.371098
6 21 0.850927
6 22 0.821146
6 23 0.801353
6 24 -0.423628
6 25 0.856745
6 26 0.538466
6 27 0.226735
6 28 -0.853899
6 29 0.871638
6 30 -0.764387
6 31 -0.616327
6 32 0.552021
6 33 -0.273351
6 34 -0.595482
6 35 0.861855
6 36 0.700866
6 37 0.361596
6 38 0.792874
6 39 0.590179
6 40 0.0550291
6 41 0.830157
6 42 -0.346853
6 43 0.534221
6 44 0.261945
6 45 -0.767927
6 46 -0.851417
6 47 0.0640199
6 48 0.832757
6 49 0.499808
6 50 -0.525283
6 51 -0.687151
6 52 0.634496
6 53 0.156124
6 54 -0.140625
6 55 0.263605
6 56 -0.76892
6 57 0.379159
6 58 0.894379
6 59 0.513498
6 60 -0.827954
6 61 0.888707
6 62 -0.283879
6 63 -0.515888
6 64 0.740582
6 65 0.270721
6 66 0.516863
6 67 0.465214
6 68 -0.906314
6 69 0.884477
6 70 0.666901
6 71 0.533852
6 72 0.123342
6 73 0.814935
6 74 0.571785
6 75 -0.414696
6 76 -0.0959727
6 77 0.615618
6 78 0.0131849
6 79 0.620151
6 80 -0.639069
6 81 -0.102539
6 82 0.397883
6 83 0.889237
6 84 0.201564
6 85 0.230935
6 86 0.5111
6 87 0.0229877
6 88 -0.0294856
6 89 0.699776
6 90 0.710356
6 91 -0.460397
6 92 0.389935
6 93 0.0824275
6 94 0.518163
6 95 0.859903
6 96 -0.555854
6 97 0.74606
6 98 -0.690371
6 99 0.926239
7 0 -0.192754
7 1 -0.249512
7 2 0.731235
7 3 0.0643961
7 4 -0.151364
7 5 0.496007
7 6 -0.573427
7 7 1
7 8 -0.171623
7 9 -0.325317
7 10 0.00164822
7 11 -0.365768
7 12 0.79161
7 13 -0.0571996
7 14 -0.352697
7 15 -0.500617
7 16 0.833299
7 17 0.535564
7 18 -0.158285
7 19 -0.418114
7 20 0.165529
7 21 -0.49219
7 22 -0.621529
7 23 -0.376713
7 24 0.662717
7 25 -0.552829
7 26 -0.390997
7 27 0.325263
7 28 0.703251
7 29 -0.275321
7 30 0.633528
7 31 0.767491
7 32 -0.301192
7 33 0.296485
7 34 0.383506
7 35 -0.47733
7 36 -0.182339
7 37 -0.239757
7 38 -0.388878
7 39 -0.278819
7 40 0.14519
7 41 -0.563036
7 42 0.652496
7 43 -0.293498
7 44 -0.364005
7 45 0.773778
7 46 0.708478
7 47 0.0960249
7 48 -0.437669
7 49 -0.310624
7 50 0.183255
7 51 0.621388
7 52 -0.387422
7 53 -0.0228035
7 54 0.472728
7 55 -0.152833
7 56 0.817338
7 57 0.0583226
7 58 -0.576497
7 59 -0.215458
7 60 0.675014
7 61 -0.313049
7 62 0.532094
7 63 0.335019
7 64 -0.550262
7 65 -0.108813
7 66 -0.241198
7 67 0.125005
7 68 0.688467
7 69 -0.518336
7 70 -0.518788
7 71 -0.140797
7 72 -0.0279271
7 73 -0.632371
7 74 -0.111868
7 75 0.476065
7 76 0.446964
7 77 -0.328011
7 78 -0.272905
7 79 -0.421254
7 80 0.674696
7 81 0.497033
7 82 0.213449
7 83 -0.348699
7 84 0.430412
7 85 -0.121789
7 86 -0.307296
7 87 0.355346
7 88 -0.0349745
7 89 -0.505157
7 90 -0.441264
7 91 0.516255
7 92 -0.0757744
7 93 -0.0771673
7 94 -0.0985365
7 95 -0.488955
7 96 0.485097
7 97 -0.504358
7 98 0.669776
7 99 -0.523192
8 0 -0.0582398
8 1 0.60934
8 2 -0.32027
8 3 0.577797
8 4 0.612015
8 5 0.0112522
8 6 0.443393
8 7 -0.171623
8 8 1
8 9 0.750197
8 10 -0.00619055
8 11 0.784353
8 12 -0.133885
8 13 0.612514
8 14 0.537202
8 15 0.693537
8 16 -0.521337
8 17 -0.120972
8 18 0.682285
8 19 0.714949
8 20 0.235763
8 21 0.648247
8 22 0.561532
8 23 0.505761
8 24 -0.383071
8 25 0.51674
8 26 0.708119
8 27 -0.0593915
8 28 -0.121271
8 29 0.301348
8 30 -0.285896
8 31 -0.0729004
8 32 0.660711
8 33 0.484073
8 34 -0.350005
8 35 0.618024
8 36 0.694545
8 37 0.742153
8 38 0.519146
8 39 0.586422
8 40 0.64465
8 41 0.630655
8 42 -0.597647
8 43 0.836205
8 44 0.6941
8 45 -0.0747919
8 46 -0.447093
8 47 0.262869
8 48 0.669588
8 49 0.692107
8 50 0.129595
8 51 0.0751868
8 52 0.712924
8 53 0.495333
8 54 -0.351846
8 55 0.702141
8 56 -0.389617
8 57 -0.238662
8 58 0.532589
8 59 0.736999
8 60 -0.463913
8 61 0.31664
8 62 0.423346
8 63 0.249857
8 64 0.70288
8 65 0.631617
8 66 0.692996
8 67 -0.221432
8 68 -0.573169
8 69 0.730335
8 70 0.586851
8 71 0.74809
8 72 0.463933
8 73 0.630047
8 74 0.552716
8 75 0.34337
8 76 -0.0687857
8 77 0.687932
8 78 0.375556
8 79 0.72743
8 80 -0.593447
8 81 -0.106894
8 82 0.406057
8 83 0.49677
8 84 -0.108194
8 85 0.53437
8 86 0.74234
8 87 0.314082
8 88 0.50995
8 89 0.756866
8 90 0.786091
8 91 -0.717214
8 92 0.623868
8 93 0.614003
8 94 -0.183027
8 95 0.283822
8 96 0.0681927
8 97 0.69172
8 98 -0.690629
8 99 0.578332
9 0 -0.117803
9 1 0.945507
9 2 -0.32281
9 3 0.549022
9 4 0.783614
9 5 0.209099
9 6 0.448856
9 7 -0.325317
9 8 0.750197
9 9 1
9 10 -0.102684
9 11 0.882316
9 12 -0.120084
9 13 0.842317
9 14 0.670589
9 15 0.844289
9 16 -0.60052
9 17 -0.471783
9 18 0.859158
9 19 0.719109
9 20 0.233041
9 21 0.665491
9 22 0.514663
9 23 0.641781
9 24 -0.539224
9 25 0.711586
9 26 0.954436
9 27 -0.0140238
9 28 -0.139443
9 29 0.270073
9 30 -0.209043
9 31 -0.0498664
9 32 0.927479
9 33 0.552078
9 34 0.00622802
9 35 0.754015
9 36 0.648953
9 37 0.936108
9 38 0.742762
9 39 0.82578
9 40 0.643246
9 41 0.759491
9 42 -0.729618
9 43 0.8485
9 44 0.64834
9 45 -0.0567427
9 46 -0.416328
9 47 0.489052
9 48 0.810646
9 49 0.945008
9 50 0.239326
9 51 0.0119274
9 52 0.922903
9 53 0.835839
9 54 -0.625485
9 55 0.907783
9 56 -0.446816
9 57 -0.396442
9 58 0.622224
9 59 0.905114
9 60 -0.310031
9 61 0.394753
9 62 0.485288
9 63 0.458872
9 64 0.80114
9 65 0.919169
9 66 0.935056
9 67 -0.287624
9 68 -0.587643
9 69 0.687261
9 70 0.796419
9 71 0.889289
9 72 0.79232
9 73 0.752588
9 74 0.611515
9 75 0.357579
9 76 -0.137057
9 77 0.912866
9 78 0.5007
9 79 0.920312
9 80 -0.510539
9 81 0.168737
9 82 0.262594
9 83 0.389365
9 84 -0.23966
9 85 0.833645
9 86 0.955952
9 87 0.287431
9 88 0.831672
9 89 0.853442
9 90 0.906794
9 91 -0.849633
9 92 0.85203
9 93 0.875406
9 94 -0.255497
9 95 0.37487
9 96 0.297156
9 97 0.904761
9 98 -0.588277
9 99 0.68886
10 0 -0.240177
10 1 -0.190337
10 2 0.167203
10 3 0.0524224
10 4 -0.261095
10 5 0.163066
10 6 -0.410419
10 7 0.00164822
10 8 -0.00619055
10 9 -0.102684
10 10 1
10 11 0.0324225
10 12 0.178583
10 13 -0.328248
10 14 0.355712
10 15 -0.355034
10 16 0.113274
10 17 -0.0094044
10 18 0.0251731
10 19 0.0103902
10 20 -0.583424
10 21 -0.215575
10 22 -0.212275
10 23 -0.312901
10 24 -0.00511552
10 25 -0.492033
10 26 -0.152302
10 27 -0.467757
10 28 0.224331
10 29 -0.595284
10 30 0.390293
10 31 0.0386666
10 32 -0.190503
10 33 0.0347996
10 34 0.303288
10 35 -0.44891
10 36 -0.396337
10 37 0.0447293
10 38 -0.530036
10 39 -0.263249
10 40 0.186466
10 41 -0.284024
10 42 -0.122959
10 43 -0.118544
10 44 0.473335
10 45 0.226237
10 46 0.236369
10 47 -0.0915518
10 48 -0.365682
10 49 -0.216185
10 50 0.548575
10 51 0.380494
10 52 -0.160068
10 53 -0.107934
10 54 -0.188952
10 55 -0.00558688
10 56 0.109221
10 57 -0.370423
10 58 -0.279804
10 59 -0.138405
10 60 0.222393
10 61 -0.483277
10 62 -0.00869815
10 63 0.370256
10 64 0.00242868
10 65 -0.0128723
10 66 -0.30885
10 67 -0.418787
10 68 0.306605
10 69 -0.335826
10 70 -0.0673928
10 71 -0.312825
10 72 -0.0497882
10 73 -0.164816
10 74 -0.621407
10 75 0.146855
10 76 0.0155067
10 77 -0.315216
10 78 0.426472
10 79 -0.153631
10 80 0.0053714
10 81 -0.341109
10 82 -0.283364
10 83 -0.439968
10 84 -0.365583
10 85 0.063244
10 86 -0.20449
10 87 -0.376358
10 88 0.213101
10 89 -0.279124
10 90 -0.195565
10 91 0.0377915
10 92 -0.413893
10 93 0.00529985
10 94 -0.296561
10 95 -0.228491
10 96 0.22344
10 97 -0.264059
10 98 0.0582785
10 99 -0.360843
11 0 -0.00328886
11 1 0.773911
11 2 -0.378581
11 3 0.655168
11 4 0.553225
11 5 -0.0344889
11 6 0.442939
11 7 -0.365768
11 8 0.784353
11 9 0.882316
11 10 0.0324225
11 11 1
11 12 -0.207604
11 13 0.671201
11 14 0.704497
11 15 0.784126
11 16 -0.641592
11 17 -0.482709
11 18 0.691236
11 19 0.779034
11 20 0.16292
11 21 0.625393
11 22 0.664919
11 23 0.602309
11 24 -0.550223
11 25 0.636655
11 26 0.855052
11 27 -0.180008
11 28 -0.18665
11 29 0.242696
11 30 -0.353712
11 31 -0.240225
11 32 0.85024
11 33 0.431611
11 34 -0.159525
11 35 0.7187
11 36 0.602027
11 37 0.85029
11 38 0.663349
11 39 0.708884
11 40 0.662119
11 41 0.678823
11 42 -0.781477
11 43 0.857127
11 44 0.752461
11 45 -0.10914
11 46 -0.524575
11 47 0.181829
11 48 0.723217
11 49 0.832269
11 50 0.251524
11 51 -0.0676736
11 52 0.850182
11 53 0.648833
11 54 -0.5902
11 55 0.804389
11 56 -0.514788
11 57 -0.2597
11 58 0.615218
11 59 0.814091
11 60 -0.466428
11 61 0.325385
11 62 0.323859
11 63 0.35593
11 64 0.846218
11 65 0.775612
11 66 0.75608
11 67 -0.304169
11 68 -0.589528
11 69 0.698592
11 70 0.778847
11 71 0.805472
11 72 0.705421
11 73 0.777344
11 74 0.475205
11 75 0.432939
11 76 0.00437019
11 77 0.800601
11 78 0.451359
11 79 0.907756
11 80 -0.556152
11 81 -0.00164954
11 82 0.202902
11 83 0.469388
11 84 -0.192413
11 85 0.686833
11 86 0.84293
11 87 0.0595404
11 88 0.700254
11 89 0.752626
11 90 0.806927
11 91 -0.775571
11 92 0.701268
11 93 0.755991
11 94 -0.185317
11 95 0.380431
11 96 0.12456
11 97 0.797559
11 98 -0.654016
11 99 0.634623
12 0 -0.554061
12 1 -0.0366942
12 2 0.873833
12 3 0.218542
12 4 -0.0627502
12 5 0.759898
12 6 -0.787623
12 7 0.79161
12 8 -0.133885
12 9 -0.120084
12 10 0.178583
12 11 -0.207604
12 12 1
12 13 -0.0187695
12 14 -0.223897
12 15 -0.489306
12 16 0.769043
12 17 0.255778
12 18 0.103241
12 19 -0.459436
12 20 -0.0203143
12 21 -0.547394
12 22 -0.74508
12 23 -0.489458
12 24 0.454333
12 25 -0.578141
12 26 -0.254148
12 27 0.075207
12 28 0.905082
12 29 -0.571198
12 30 0.799751
12 31 0.84411
12 32 -0.192947
12 33 0.562165
12 34 0.604253
12 35 -0.554098
12 36 -0.32467
12 37 -0.0454441
12 38 -0.444508
12 39 -0.233902
12 40 0.235344
12 41 -0.570928
12 42 0.366753
12 43 -0.249374
12 44 -0.202643
12 45 0.926061
12 46 0.859992
12 47 0.272862
12 48 -0.477284
12 49 -0.160194
12 50 0.497329
12 51 0.824974
12 52 -0.32725
12 53 0.181206
12 54 0.180729
12 55 0.0816533
12 56 0.826381
12 57 -0.291148
12 58 -0.67183
12 59 -0.142204
12 60 0.832245
12 61 -0.594051
12 62 0.697918
12 63 0.667629
12 64 -0.526477
12 65 0.0798344
12 66 -0.0901477
12 67 -0.316493
12 68 0.75899
12 69 -0.613442
12 70 -0.467856
12 71 -0.0634488
12 72 0.147681
12 73 -0.648656
12 74 -0.133002
12 75 0.611817
12 76 0.256682
12 77 -0.268147
12 78 -0.0188983
12 79 -0.346938
12 80 0.709415
12 81 0.423799
12 82 -0.0626751
12 83 -0.619573
12 84 0.0468591
12 85 0.0625234
12 86 -0.129957
12 87 0.400276
12 88 0.286794
12 89 -0.446199
12 90 -0.398844
12 91 0.327482
12 92 0.0443395
12 93 0.237908
12 94 -0.476647
12 95 -0.68028
12 96 0.727695
12 97 -0.437426
12 98 0.612909
12 99 -0.643922
13 0 0.0596847
13 1 0.833364
13 2 -0.224761
13 3 0.448079
13 4 0.844661
13 5 0.229771
13 6 0.492078
13 7 -0.0571996
13 8 0.612514
13 9 0.842317
13 10 -0.328248
13 11 0.671201
13 12 -0.0187695
13 13 1
13 14 0.445693
13 15 0.748188
13 16 -0.38362
13 17 -0.132108
13 18 0.761893
13 19 0.600933
13 20 0.488492
13 21 0.704181
13 22 0.370463
13 23 0.625304
13 24 -0.321352
13 25 0.730573
13 26 0.772399
13 27 0.404258
13 28 -0.102941
13 29 0.488167
13 30 -0.107744
13 31 0.132298
13 32 0.82317
13 33 0.481573
13 34 0.0286785
13 35 0.775031
13 36 0.772867
13 37 0.781532
13 38 0.812843
13 39 0.746651
13 40 0.591607
13 41 0.747787
13 42 -0.402477
13 43 0.674824
13 44 0.363741
13 45 -0.0169232
13 46 -0.273265
13 47 0.620564
13 48 0.831294
13 49 0.789344
13 50 0.0097316
13 51 0.0039483
13 52 0.826105
13 53 0.795122
13 54 -0.292006
13 55 0.804315
13 56 -0.243873
13 57 -0.184176
13 58 0.666162
13 59 0.819391
13 60 -0.166694
13 61 0.585303
13 62 0.580919
13 63 0.348697
13 64 0.649241
13 65 0.820189
13 66 0.895482
13 67 0.0229649
13 68 -0.543548
13 69 0.646395
13 70 0.664185
13 71 0.902263
13 72 0.667977
13 73 0.599885
13 74 0.732218
13 75 0.301267
13 76 -0.0961594
13 77 0.834097
13 78 0.292693
13 79 0.763926
13 80 -0.25055
13 81 0.434408
13 82 0.488519
13 83 0.474539
13 84 0.113629
13 85 0.806729
13 86 0.83521
13 87 0.501444
13 88 0.643426
13 89 0.770083
13 90 0.822284
13 91 -0.661564
13 92 0.909373
13 93 0.700344
13 94 -0.0195372
13 95 0.495086
13 96 0.350716
13 97 0.815744
13 98 -0.368796
13 99 0.714858
14 0 0.0258144
14 1 0.628151
14 2 -0.324631
14 3 0.301114
14 4 0.330535
14 5 0.0776169
14 6 0.264431
14 7 -0.352697
14 8 0.537202
14 9 0.670589
14 10 0.355712
14 11 0.704497
14 12 -0.223897
14 13 0.445693
14 14 1
14 15 0.491166
14 16 -0.480365
14 17 -0.466612
14 18 0.489317
14 19 0.719411
14 20 -0.165482
14 21 0.364702
14 22 0.36906
14 23 0.478903
14 24 -0.41904
14 25 0.374247
14 26 0.65025
14 27 -0.251224
14 28 -0.195426
14 29 -0.0485755
14 30 -0.121992
14 31 -0.215095
14 32 0.684494
14 33 0.252621
14 34 0.144066
14 35 0.437303
14 36 0.240511
14 37 0.764703
14 38 0.402045
14 39 0.59485
14 40 0.516523
14 41 0.468743
14 42 -0.633099
14 43 0.619447
14 44 0.820085
14 45 -0.105057
14 46 -0.343278
14 47 0.172499
14 48 0.45575
14 49 0.579709
14 50 0.304191
14 51 -0.0165424
14 52 0.690695
14 53 0.565525
14 54 -0.612926
14 55 0.600994
14 56 -0.416311
14 57 -0.46819
14 58 0.387921
14 59 0.585965
14 60 -0.259189
14 61 0.154192
14 62 0.164816
14 63 0.385538
14 64 0.686646
14 65 0.687082
14 66 0.523121
14 67 -0.317712
14 68 -0.359323
14 69 0.378247
14 70 0.730823
14 71 0.452049
14 72 0.677337
14 73 0.608995
14 74 -0.0187593
14 75 0.304152
14 76 -0.0250672
14 77 0.577836
14 78 0.629921
14 79 0.6926
14 80 -0.462851
14 81 -0.0126255
14 82 -0.0367321
14 83 0.169891
14 84 -0.368957
14 85 0.607708
14 86 0.561013
14 87 -0.225731
14 88 0.651157
14 89 0.514127
14 90 0.615225
14 91 -0.601702
14 92 0.372744
14 93 0.478934
14 94 -0.178159
14 95 0.309398
14 96 0.236854
14 97 0.613432
14 98 -0.416979
14 99 0.448616
15 0 0.175918
15 1 0.795547
15 2 -0.695461
15 3 0.385213
15 4 0.686259
15 5 -0.185491
15 6 0.79144
15 7 -0.500617
15 8 0.693537
15 9 0.844289
15 10 -0.355034
15 11 0.784126
15 12 -0.489306
15 13 0.748188
15 14 0.491166
15 15 1
15 16 -0.815594
15 17 -0.485528
15 18 0.640963
15 19 0.763891
15 20 0.300017
15 21 0.853057
15 22 0.787097
15 23 0.852202
15 24 -0.646111
15 25 0.923562
15 26 0.890994
15 27 0.0337317
15 28 -0.555328
15 29 0.622048
15 30 -0.562625
15 31 -0.373021
15 32 0.869016
15 33 0.234358
15 34 -0.33908
15 35 0.915752
15 36 0.774365
15 37 0.758707
15 38 0.858274
15 39 0.825259
15 40 0.400978
15 41 0.879754
15 42 -0.676054
15 43 0.851565
15 44 0.497924
15 45 -0.441501
15 46 -0.726806
15 47 0.307965
15 48 0.930932
15 49 0.891645
15 50 -0.11114
15 51 -0.37307
15 52 0.899267
15 53 0.592705
15 54 -0.524795
15 55 0.677404
15 56 -0.719946
15 57 -0.0205494
15 58 0.849771
15 59 0.843556
15 60 -0.652709
15 61 0.674629
15 62 0.139198
15 63 -0.02029
15 64 0.882772
15 65 0.698669
15 66 0.866772
15 67 0.0290085
15 68 -0.84266
15 69 0.908583
15 70 0.780167
15 71 0.85587
15 72 0.574473
15 73 0.92842
15 74 0.712664
15 75 -0.0154145
15 76 -0.16606
15 77 0.914861
15 78 0.242443
15 79 0.891907
15 80 -0.691315
15 81 -0.0181523
15 82 0.391971
15 83 0.717621
15 84 -0.0529377
15 85 0.630531
15 86 0.882713
15 87 0.226432
15 88 0.473369
15 89 0.914401
15 90 0.934948
15 91 -0.802262
15 92 0.738772
15 93 0.625589
15 94 0.0408271
15 95 0.620117
15 96 -0.151252
15 97 0.959931
15 98 -0.772718
15 99 0.906836
16 0 -0.23724
16 1 -0.491764
16 2 0.869168
16 3 -0.21882
16 4 -0.376922
16 5 0.474361
16 6 -0.782712
16 7 0.833299
16 8 -0.521337
16 9 -0.60052
16 10 0.113274
16 11 -0.641592
16 12 0.769043
16 13 -0.38362
16 14 -0.480365
16 15 -0.815594
16 16 1
16 17 0.542982
16 18 -0.390757
16 19 -0.690977
16 20 0.0445379
16 21 -0.773227
16 22 -0.844355
16 23 -0.701566
16 24 0.787781
16 25 -0.809649
16 26 -0.682302
16 27 0.245116
16 28 0.743804
16 29 -0.487765
16 30 0.684349
16 31 0.715017
16 32 -0.593865
16 33 0.103286
16 34 0.470103
16 35 -0.75342
16 36 -0.519797
16 37 -0.517993
16 38 -0.634889
16 39 -0.551202
16 40 -0.154021
16 41 -0.79834
16 42 0.749125
16 43 -0.644674
16 44 -0.557568
16 45 0.740205
16 46 0.832984
16 47 -0.0302177
16 48 -0.752004
16 49 -0.612075
16 50 0.196968
16 51 0.580531
16 52 -0.681191
16 53 -0.243103
16 54 0.56067
16 55 -0.424423
16 56 0.925426
16 57 -0.00964289
16 58 -0.818982
16 59 -0.55186
16 60 0.820276
16 61 -0.53583
16 62 0.299667
16 63 0.260049
16 64 -0.846255
16 65 -0.391236
16 66 -0.54636
16 67 0.0808437
16 68 0.885961
16 69 -0.826595
16 70 -0.680814
16 71 -0.531209
16 72 -0.270681
16 73 -0.90386
16 74 -0.395685
16 75 0.297823
16 76 0.352882
16 77 -0.630966
16 78 -0.245927
16 79 -0.712085
16 80 0.845106
16 81 0.417725
16 82 -0.152403
16 83 -0.630031
16 84 0.277657
16 85 -0.367615
16 86 -0.617613
16 87 0.11722
16 88 -0.230687
16 89 -0.76974
16 90 -0.740495
16 91 0.749192
16 92 -0.376353
16 93 -0.342283
16 94 -0.0806517
16 95 -0.649592
16 96 0.458152
16 97 -0.768919
16 98 0.869867
16 99 -0.800414
17 0 0.0596155
17 1 -0.551384
17 2 0.408868
17 3 -0.0622905
17 4 -0.0247817
17 5 0.0313536
17 6 -0.212992
17 7 0.535564
17 8 -0.120972
17 9 -0.471783
17 10 -0.0094044
17 11 -0.482709
17 12 0.255778
17 13 -0.132108
17 14 -0.466612
17 15 -0.485528
17 16 0.542982
17 17 1
17 18 -0.223088
17 19 -0.384088
17 20 0.324603
17 21 -0.142973
17 22 -0.350735
17 23 -0.466475
17 24 0.621125
17 25 -0.411689
17 26 -0.569398
17 27 0.473087
17 28 0.309128
17 29 0.0684828
17 30 0.336102
17 31 0.402327
17 32 -0.562171
17 33 -0.0682145
17 34 -0.192699
17 35 -0.299579
17 36 0.10514
17 37 -0.479366
17 38 -0.321491
17 39 -0.520659
17 40 -0.0692055
17 41 -0.243711
17 42 0.614665
17 43 -0.388906
17 44 -0.315836
17 45 0.187915
17 46 0.371152
17 47 -0.00704818
17 48 -0.270363
17 49 -0.554405
17 50 -0.296064
17 51 0.302919
17 52 -0.442375
17 53 -0.402533
17 54 0.7155
17 55 -0.338359
17 56 0.485966
17 57 0.219512
17 58 -0.18891
17 59 -0.41543
17 60 0.272925
17 61 -0.00634443
17 62 0.160414
17 63 -0.117015
17 64 -0.442925
17 65 -0.472754
17 66 -0.388917
17 67 0.300124
17 68 0.241539
17 69 -0.225409
17 70 -0.478359
17 71 -0.303217
17 72 -0.536745
17 73 -0.541611
17 74 -0.0151415
17 75 -0.0211405
17 76 -0.0253535
17 77 -0.500197
17 78 -0.349542
17 79 -0.500566
17 80 0.348568
17 81 0.106651
17 82 0.389662
17 83 -0.0927933
17 84 0.475095
17 85 -0.284737
17 86 -0.495578
17 87 0.292149
17 88 -0.443542
17 89 -0.293339
17 90 -0.336151
17 91 0.405998
17 92 -0.19861
17 93 -0.476554
17 94 0.20781
17 95 -0.103521
17 96 0.101723
17 97 -0.486137
17 98 0.313364
17 99 -0.314289
18 0 -0.410938
18 1 0.829042
18 2 -0.0742595
18 3 0.56177
18 4 0.865406
18 5 0.46785
18 6 0.204979
18 7 -0.158285
18 8 0.682285
18 9 0.859158
18 10 0.0251731
18 11 0.691236
18 12 0.103241
18 13 0.761893
18 14 0.489317
18 15 0.640963
18 16 -0.390757
18 17 -0.223088
18 18 1
18 19 0.453996
18 20 0.186631
18 21 0.575022
18 22 0.225683
18 23 0.359277
18 24 -0.458289
18 25 0.488254
18 26 0.763419
18 27 0.0787886
18 28 0.106959
18 29 0.109897
18 30 0.126628
18 31 0.2406
18 32 0.689866
18 33 0.735376
18 34 0.089878
18 35 0.519848
18 36 0.616777
18 37 0.823901
18 38 0.483267
18 39 0.60263
18 40 0.631425
18 41 0.615272
18 42 -0.595984
18 43 0.674922
18 44 0.562558
18 45 0.14577
18 46 -0.109577
18 47 0.664694
18 48 0.624495
18 49 0.784841
18 50 0.341813
18 51 0.313469
18 52 0.718413
18 53 0.803135
18 54 -0.564642
18 55 0.858766
18 56 -0.201898
18 57 -0.545883
18 58 0.464497
18 59 0.726507
18 60 -0.0236711
18 61 0.205214
18 62 0.669446
18 63 0.635137
18 64 0.598558
18 65 0.820913
18 66 0.845146
18 67 -0.38605
18 68 -0.406424
18 69 0.508416
18 70 0.495794
18 71 0.791865
18 72 0.648451
18 73 0.497511
18 74 0.582024
18 75 0.376407
18 76 -0.315241
18 77 0.705158
18 78 0.482144
18 79 0.688855
18 80 -0.370083
18 81 0.117382
18 82 0.323132
18 83 0.125175
18 84 -0.257144
18 85 0.852203
18 86 0.816493
18 87 0.537792
18 88 0.799472
18 89 0.738454
18 90 0.769631
18 91 -0.825818
18 92 0.813805
18 93 0.839388
18 94 -0.486059
18 95 0.161501
18 96 0.515431
18 97 0.712444
18 98 -0.4712
18 99 0.484709
19 0 0.37703
19 1 0.619973
19 2 -0.623142
19 3 0.296052
19 4 0.427053
19 5 -0.267333
19 6 0.692067
19 7 -0.418114
19 8 0.714949
19 9 0.719109
19 10 0.0103902
19 11 0.779034
19 12 -0.459436
19 13 0.600933
19 14 0.719411
19 15 0.763891
19 16 -0.690977
19 17 -0.384088
19 18 0.453996
19 19 1
19 20 0.183315
19 21 0.676312
19 22 0.704958
19 23 0.750159
19 24 -0.41054
19 25 0.662711
19 26 0.75834
19 27 -0.0437515
19 28 -0.497903
19 29 0.45437
19 30 -0.517043
19 31 -0.401377
19 32 0.781373
19 33 0.0852566
19 34 -0.27713
19 35 0.749489
19 36 0.593279
19 37 0.72788
19 38 0.688742
19 39 0.713983
19 40 0.54594
19 41 0.710815
19 42 -0.572846
19 43 0.777537
19 44 0.705352
19 45 -0.342102
19 46 -0.671571
19 47 0.0939455
19 48 0.778599
19 49 0.678327
19 50 0.0104695
19 51 -0.304697
19 52 0.785589
19 53 0.483727
19 54 -0.415271
19 55 0.595641
19 56 -0.591051
19 57 -0.099346
19 58 0.689836
19 59 0.763846
19 60 -0.634804
19 61 0.551082
19 62 0.0786132
19 63 0.0369055
19 64 0.86433
19 65 0.631454
19 66 0.628218
19 67 0.0417061
19 68 -0.677558
19 69 0.743414
19 70 0.828967
19 71 0.661168
19 72 0.517757
19 73 0.820672
19 74 0.365862
19 75 0.139114
19 76 0.06263
19 77 0.761506
19 78 0.479217
19 79 0.805629
19 80 -0.61917
19 81 -0.0336131
19 82 0.2407
19 83 0.672414
19 84 -0.0241741
19 85 0.523222
19 86 0.703728
19 87 -0.0637163
19 88 0.454695
19 89 0.724612
19 90 0.801763
19 91 -0.597261
19 92 0.47736
19 93 0.467199
19 94 0.201434
19 95 0.590466
19 96 -0.120794
19 97 0.80449
19 98 -0.639748
19 99 0.781101
20 0 0.334578
20 1 0.207508
20 2 0.0470486
20 3 0.182373
20 4 0.427384
20 5 -0.118185
20 6 0.371098
20 7 0.165529
20 8 0.235763
20 9 0.233041
20 10 -0.583424
20 11 0.16292
20 12 -0.0203143
20 13 0.488492
20 14 -0.165482
20 15 0.300017
20 16 0.0445379
20 17 0.324603
20 18 0.186631
20 19 0.183315
20 20 1
20 21 0.338447
20 22 0.215981
20 23 0.201892
20 24 0.287564
20 25 0.36019
20 26 0.175224
20 27 0.723087
20 28 -0.00224637
20 29 0.659672
20 30 -0.260506
20 31 0.165
20 32 0.253233
20 33 0.207127
20 34 -0.325637
20 35 0.483383
20 36 0.62807
20 37 0.0627766
20 38 0.538035
20 39 0.286216
20 40 0.132566
20 41 0.388858
20 42 0.118991
20 43 0.172451
20 44 -0.187946
20 45 -0.0191722
20 46 -0.171967
20 47 0.195151
20 48 0.409853
20 49 0.219109
20 50 -0.259141
20 51 -0.139987
20 52 0.248321
20 53 0.242443
20 54 0.399494
20 55 0.16656
20 56 0.107873
20 57 0.278351
20 58 0.318787
20 59 0.218761
20 60 -0.119252
20 61 0.566197
20 62 0.313467
20 63 -0.107456
20 64 0.113021
20 65 0.144917
20 66 0.350219
20 67 0.555176
20 68 -0.316481
20 69 0.377995
20 70 0.234029
20 71 0.40849
20 72 0.0335218
20 73 0.137236
20 74 0.694948
20 75 0.120029
20 76 0.31614
20 77 0.336152
20 78 -0.193896
20 79 0.261736
20 80 0.108576
20 81 0.534481
20 82 0.327873
20 83 0.511909
20 84 0.635578
20 85 0.118874
20 86 0.24929
20 87 0.42484
20 88 -0.051476
20 89 0.319848
20 90 0.306001
20 91 -0.0139954
20 92 0.485731
20 93 0.0619042
20 94 0.405531
20 95 0.281587
20 96 0.030717
20 97 0.301618
20 98 -0.0176075
20 99 0.393127
21 0 0.299369
21 1 0.558782
21 2 -0.734325
21 3 0.298038
21 4 0.69134
21 5 -0.31631
21 6 0.850927
21 7 -0.49219
21 8 0.648247
21 9 0.665491
21 10 -0.215575
21 11 0.625393
21 12 -0.547394
21 13 0.704181
21 14 0.364702
21 15 0.853057
21 16 -0.773227
21 17 -0.142973
21 18 0.575022
21 19 0.676312
21 20 0.338447
21 21 1
21 22 0.751364
21 23 0.737327
21 24 -0.554617
21 25 0.85659
21 26 0.663678
21 27 0.228416
21 28 -0.625796
21 29 0.756132
21 30 -0.504615
21 31 -0.390153
21 32 0.6423
21 33 0.0797075
21 34 -0.461344
21 35 0.873842
21 36 0.825125
21 37 0.589225
21 38 0.784466
21 39 0.606144
21 40 0.308237
21 41 0.930418
21 42 -0.537761
21 43 0.65639
21 44 0.449047
21 45 -0.579678
21 46 -0.70003
21 47 0.359023
21 48 0.907713
21 49 0.638716
21 50 -0.287017
21 51 -0.392209
21 52 0.758328
21 53 0.379424
21 54 -0.273935
21 55 0.560222
21 56 -0.694311
21 57 0.134063
21 58 0.945648
21 59 0.674526
21 60 -0.654204
21 61 0.790894
21 62 0.0524518
21 63 -0.171877
21 64 0.834364
21 65 0.500525
21 66 0.709248
21 67 0.192235
21 68 -0.912745
21 69 0.914995
21 70 0.683946
21 71 0.747696
21 72 0.261405
21 73 0.824272
21 74 0.691507
21 75 -0.211696
21 76 -0.270161
21 77 0.700012
21 78 0.195139
21 79 0.727804
21 80 -0.636113
21 81 -0.0933822
21 82 0.514149
21 83 0.754444
21 84 0.090717
21 85 0.529161
21 86 0.695142
21 87 0.291167
21 88 0.244253
21 89 0.831981
21 90 0.854778
21 91 -0.71233
21 92 0.616527
21 93 0.377322
21 94 0.208236
21 95 0.805772
21 96 -0.258636
21 97 0.829699
21 98 -0.765246
21 99 0.906434
22 0 0.40445
22 1 0.351102
22 2 -0.820897
22 3 0.350903
22 4 0.278484
22 5 -0.678608
22 6 0.821146
22 7 -0.621529
22 8 0.561532
22 9 0.514663
22 10 -0.212275
22 11 0.664919
22 12 -0.74508
22 13 0.370463
22 14 0.36906
22 15 0.787097
22 16 -0.844355
22 17 -0.350735
22 18 0.225683
22 19 0.704958
22 20 0.215981
22 21 0.751364
22 22 1
22 23 0.696169
22 24 -0.529093
22 25 0.747488
22 26 0.591795
22 27 -0.149219
22 28 -0.728916
22 29 0.622257
22 30 -0.825878
22 31 -0.76413
22 32 0.578143
22 33 -0.197078
22 34 -0.666162
22 35 0.807299
22 36 0.633548
22 37 0.42021
22 38 0.690793
22 39 0.530523
22 40 0.217311
22 41 0.745551
22 42 -0.619366
22 43 0.687695
22 44 0.488235
22 45 -0.700586
22 46 -0.939793
22 47 -0.233516
22 48 0.730172
22 49 0.559778
22 50 -0.259047
22 51 -0.585698
22 52 0.675062
22 53 0.11387
22 54 -0.318315
22 55 0.35261
22 56 -0.869921
22 57 0.302651
22 58 0.81265
22 59 0.557988
22 60 -0.930205
22 61 0.636209
22 62 -0.299646
22 63 -0.394431
22 64 0.821856
22 65 0.267124
22 66 0.444567
22 67 0.139678
22 68 -0.850557
22 69 0.887028
22 70 0.689281
22 71 0.542585
22 72 0.233708
22 73 0.863387
22 74 0.462807
22 75 -0.154946
22 76 -0.0395965
22 77 0.600972
22 78 0.0896353
22 79 0.726523
22 80 -0.794706
22 81 -0.314632
22 82 0.268986
22 83 0.820665
22 84 0.0228037
22 85 0.206286
22 86 0.512575
22 87 -0.20842
22 88 0.0867629
22 89 0.678232
22 90 0.683671
22 91 -0.554113
22 92 0.342924
22 93 0.229629
22 94 0.27229
22 95 0.686452
22 96 -0.570617
22 97 0.691049
22 98 -0.831795
22 99 0.773183
23 0 0.403891
23 1 0.630797
23 2 -0.746238
23 3 0.172966
23 4 0.431964
23 5 -0.290073
23 6 0.801353
23 7 -0.376713
23 8 0.505761
23 9 0.641781
23 10 -0.312901
23 11 0.602309
23 12 -0.489458
23 13 0.625304
23 14 0.478903
23 15 0.852202
23 16 -0.701566
23 17 -0.466475
23 18 0.359277
23 19 0.750159
23 20 0.201892
23 21 0.737327
23 22 0.696169
23 23 1
23 24 -0.518436
23 25 0.832736
23 26 0.700353
23 27 0.0656528
23 28 -0.641387
23 29 0.628613
23 30 -0.535189
23 31 -0.392237
23 32 0.762869
23 33 0.0200915
23 34 -0.208951
23 35 0.802286
23 36 0.591864
23 37 0.61451
23 38 0.785533
23 39 0.791742
23 40 0.295939
23 41 0.733523
23 42 -0.43731
23 43 0.68085
23 44 0.371023
23 45 -0.44934
23 46 -0.66115
23 47 0.236067
23 48 0.815818
23 49 0.713068
23 50 -0.223857
23 51 -0.480734
23 52 0.755669
23 53 0.461661
23 54 -0.345264
23 55 0.478811
23 56 -0.638332
23 57 0.180906
23 58 0.763419
23 59 0.700615
23 60 -0.611755
23 61 0.722493
23 62 -0.00383283
23 63 -0.169895
23 64 0.802106
23 65 0.600212
23 66 0.685437
23 67 0.25703
23 68 -0.719874
23 69 0.771375
23 70 0.713975
23 71 0.699236
23 72 0.510085
23 73 0.853894
23 74 0.516624
23 75 -0.121804
23 76 0.0490789
23 77 0.79181
23 78 0.143307
23 79 0.729685
23 80 -0.513773
23 81 0.0859222
23 82 0.33671
23 83 0.77142
23 84 0.119716
23 85 0.495946
23 86 0.711923
23 87 0.0527446
23 88 0.309603
23 89 0.693933
23 90 0.76621
23 91 -0.536839
23 92 0.539393
23 93 0.417942
23 94 0.252224
23 95 0.67543
23 96 -0.255719
23 97 0.816441
23 98 -0.582498
23 99 0.855672
24 0 0.132261
24 1 -0.506461
24 2 0.591256
24 3 -0.2461
24 4 -0.370508
24 5 0.128499
24 6 -0.423628
24 7 0.662717
24 8 -0.383071
24 9 -0.539224
24 10 -0.00511552
24 11 -0.550223
24 12 0.454333
24 13 -0.321352
24 14 -0.41904
24 15 -0.646111
24 16 0.787781
24 17 0.621125
24 18 -0.458289
24 19 -0.41054
24 20 0.287564
24 21 -0.554617
24 22 -0.529093
24 23 -0.518436
24 24 1
24 25 -0.630965
24 26 -0.568992
24 27 0.346029
24 28 0.443893
24 29 -0.146818
24 30 0.335644
24 31 0.451834
24 32 -0.474911
24 33 -0.157301
24 34 0.140108
24 35 -0.475089
24 36 -0.270357
24 37 -0.489587
24 38 -0.37956
24 39 -0.418846
24 40 -0.230376
24 41 -0.560635
24 42 0.765196
24 43 -0.481686
24 44 -0.461598
24 45 0.43053
24 46 0.468916
24 47 -0.203671
24 48 -0.501548
24 49 -0.570098
24 50 -0.115599
24 51 0.3715
24 52 -0.528632
24 53 -0.360958
24 54 0.621108
24 55 -0.451678
24 56 0.686534
24 57 0.250608
24 58 -0.571263
24 59 -0.461478
24 60 0.448267
24 61 -0.215184
24 62 0.131589
24 63 -0.0357176
24 64 -0.650541
24 65 -0.458553
24 66 -0.496435
24 67 0.343149
24 68 0.599067
24 69 -0.54437
24 70 -0.406964
24 71 -0.463516
24 72 -0.389007
24 73 -0.723101
24 74 -0.275727
24 75 0.164824
24 76 0.439557
24 77 -0.525596
24 78 -0.324308
24 79 -0.523473
24 80 0.659165
24 81 0.420236
24 82 0.0403723
24 83 -0.287436
24 84 0.412561
24 85 -0.484472
24 86 -0.568027
24 87 -0.0262851
24 88 -0.358681
24 89 -0.64035
24 90 -0.575869
24 91 0.772158
24 92 -0.357693
24 93 -0.472468
24 94 0.281322
24 95 -0.328241
24 96 0.161038
24 97 -0.584083
24 98 0.665268
24 99 -0.542879
25 0 0.325187
25 1 0.6886
25 2 -0.730781
25 3 0.230349
25 4 0.634959
25 5 -0.297618
25 6 0.856745
25 7 -0.552829
25 8 0.51674
25 9 0.711586
25 10 -0.492033
25 11 0.636655
25 12 -0.578141
25 13 0.730573
25 14 0.374247
25 15 0.923562
25 16 -0.809649
25 17 -0.411689
25 18 0.488254
25 19 0.662711
25 20 0.36019
25 21 0.85659
25 22 0.747488
25 23 0.832736
25 24 -0.630965
25 25 1
25 26 0.75419
25 27 0.190055
25 28 -0.641583
25 29 0.738793
25 30 -0.61877
25 31 -0.43745
25 32 0.769152
25 33 0.0856059
25 34 -0.363496
25 35 0.930228
25 36 0.741333
25 37 0.5989
25 38 0.902305
25 39 0.758305
25 40 0.239391
25 41 0.885366
25 42 -0.55934
25 43 0.668767
25 44 0.313872
25 45 -0.577477
25 46 -0.718012
25 47 0.309331
25 48 0.918865
25 49 0.753705
25 50 -0.29437
25 51 -0.559625
25 52 0.801841
25 53 0.49257
25 54 -0.359335
25 55 0.555256
25 56 -0.718677
25 57 0.0983126
25 58 0.894334
25 59 0.691461
25 60 -0.653519
25 61 0.78634
25 62 -0.00998079
25 63 -0.195891
25 64 0.796216
25 65 0.569181
25 66 0.789553
25 67 0.202432
25 68 -0.886
25 69 0.878325
25 70 0.733061
25 71 0.771155
25 72 0.451962
25 73 0.885433
25 74 0.73384
25 75 -0.185106
25 76 -0.180402
25 77 0.821558
25 78 0.117088
25 79 0.77555
25 80 -0.595167
25 81 0.040309
25 82 0.351767
25 83 0.766359
25 84 0.0768752
25 85 0.533894
25 86 0.768971
25 87 0.19155
25 88 0.300055
25 89 0.855666
25 90 0.844262
25 91 -0.697751
25 92 0.702495
25 93 0.439007
25 94 0.220141
25 95 0.729305
25 96 -0.252135
25 97 0.896616
25 98 -0.6861
25 99 0.939057
26 0 -0.00723311
26 1 0.915918
26 2 -0.450301
26 3 0.444742
26 4 0.693557
26 5 0.104577
26 6 0.538466
26 7 -0.390997
26 8 0.708119
26 9 0.954436
26 10 -0.152302
26 11 0.855052
26 12 -0.254148
26 13 0.772399
26 14 0.65025
26 15 0.890994
26 16 -0.682302
26 17 -0.569398
26 18 0.763419
26 19 0.75834
26 20 0.175224
26 21 0.663678
26 22 0.591795
26 23 0.700353
26 24 -0.568992
26 25 0.75419
26 26 1
26 27 -0.0797297
26 28 -0.278496
26 29 0.316031
26 30 -0.342686
26 31 -0.17781
26 32 0.930967
26 33 0.430901
26 34 -0.0495516
26 35 0.76859
26 36 0.628713
26 37 0.884563
26 38 0.742154
26 39 0.853114
26 40 0.55948
26 41 0.743494
26 42 -0.698505
26 43 0.886051
26 44 0.624439
26 45 -0.163286
